1.0000	c	0	1	0	0	0	1	1	0	0	0	0	0	0	0	0	0	0	0	0	0	0	0	0	0	0	0	0	0	0	0	0	0	0	0	0	0	0	0	0	
51.0000	c	13	11	18	21	19	19	8	2	1	1	1	1	2	0	3	1	0	1	1	2	3	1	1	0	0	3	0	3	4	1	2	1	0	2	0	0	0	2	0	
101.0000	c	25	27	32	37	27	33	16	9	2	1	2	1	3	1	6	1	2	3	1	2	5	2	3	2	0	6	0	5	4	3	2	1	0	3	0	1	0	4	1	
151.0000	c	39	44	49	54	41	53	29	16	3	2	3	2	3	3	9	1	3	4	2	3	8	2	5	2	2	8	1	8	5	6	3	5	2	3	1	2	0	4	3	
201.0000	c	53	58	67	68	54	68	41	20	5	4	4	3	3	6	10	3	4	4	5	5	9	3	6	4	2	10	1	10	7	7	3	7	4	5	2	2	2	7	5	
251.0000	c	65	67	77	84	66	88	52	28	6	5	4	5	6	8	11	4	6	6	5	5	10	3	8	6	2	11	1	11	7	8	7	8	5	5	2	4	3	8	5	
301.0000	c	79	79	88	89	70	104	65	33	6	6	6	8	6	10	11	5	8	7	5	5	12	3	9	6	2	12	2	11	7	8	8	9	6	9	2	5	5	8	8	
351.0000	c	91	91	104	105	83	120	75	38	9	7	7	10	7	13	12	5	9	8	6	9	16	3	11	8	3	13	2	14	7	8	8	12	6	11	4	5	5	10	10	
401.0000	c	100	101	116	121	93	129	79	41	11	8	10	11	9	13	15	7	10	9	6	10	17	6	14	11	4	13	5	15	9	9	8	13	6	13	5	5	7	11	10	
451.0000	c	113	112	129	131	100	146	91	46	11	11	12	13	9	14	17	10	11	12	8	10	20	6	16	12	6	15	8	15	12	10	9	13	8	14	6	7	8	12	13	
501.0000	c	133	129	150	152	114	165	105	50	13	12	13	13	12	19	17	10	14	12	10	10	23	8	19	13	6	16	9	15	13	10	10	14	9	15	8	11	10	13	15	
551.0000	c	143	146	165	158	126	187	116	60	13	16	13	13	13	21	19	12	16	13	11	10	24	9	19	13	10	17	12	17	14	12	10	17	11	15	8	14	12	14	15	
601.0000	c	157	161	180	168	136	203	127	66	13	17	15	16	15	22	19	15	16	15	14	11	25	9	21	13	10	18	13	18	14	12	11	17	13	16	10	16	13	14	17	
651.0000	c	175	174	186	173	141	212	137	73	15	19	16	17	16	26	19	16	16	15	14	12	26	12	21	14	10	18	13	21	17	14	12	19	14	17	11	16	16	16	17	
701.0000	c	187	185	200	185	146	222	146	77	18	20	16	17	16	29	19	16	16	18	15	12	29	14	21	16	12	19	14	22	17	14	14	21	18	17	12	16	17	16	19	
751.0000	c	196	198	214	199	158	236	157	84	18	22	17	17	21	31	23	17	16	19	21	12	30	14	23	18	13	19	16	23	17	15	14	21	18	19	14	19	19	18	19	
801.0000	c	208	211	226	214	168	252	166	88	18	24	18	18	23	31	23	20	19	20	21	12	31	16	25	20	16	19	17	25	17	15	15	25	20	20	15	23	21	18	19	
851.0000	c	217	221	244	231	179	272	175	90	19	25	19	19	23	32	24	22	21	20	22	13	32	19	26	21	16	21	18	26	18	16	20	26	21	24	15	26	23	18	19	
901.0000	c	233	233	258	241	186	281	184	96	19	25	20	20	26	33	24	25	24	22	22	15	35	21	27	21	17	22	18	27	18	16	20	26	23	24	15	27	24	20	19	
951.0000	c	247	250	273	256	196	294	192	101	20	30	22	24	26	36	27	29	24	23	24	17	37	21	28	25	20	22	20	27	19	17	20	26	24	25	17	27	27	20	19	
1,001.0000	c	253	258	284	270	207	309	201	106	21	30	23	25	27	37	28	29	27	25	25	20	37	21	29	26	24	23	21	29	20	22	21	26	27	25	19	27	28	21	20	
1,051.0000	c	262	264	288	275	214	324	211	109	21	30	23	26	29	39	29	30	27	25	26	21	40	21	30	26	24	25	21	31	20	24	23	26	29	26	19	28	29	22	20	
1,101.0000	c	265	274	301	289	225	337	218	114	21	30	23	26	29	40	31	32	30	26	28	22	41	22	30	27	25	28	21	33	21	25	23	28	31	27	19	29	29	23	21	
1,151.0000	c	278	284	307	295	230	348	226	118	22	32	25	31	30	40	31	32	30	29	28	22	41	22	33	28	25	28	22	34	21	25	24	30	31	28	21	31	31	25	21	
1,201.0000	c	286	289	315	308	243	366	232	122	23	34	26	32	30	42	32	33	31	30	29	23	42	23	35	28	25	32	23	36	21	27	24	30	34	28	23	33	31	25	21	
1,251.0000	c	297	297	322	312	248	377	244	126	26	35	29	32	31	42	32	33	32	30	30	23	43	23	36	28	26	32	24	36	22	28	25	32	35	30	25	35	32	25	26	
1,301.0000	c	306	307	332	324	261	391	255	132	26	36	31	33	32	43	32	36	33	31	33	24	43	24	38	28	26	36	25	37	25	28	26	34	36	30	25	36	33	26	27	
1,351.0000	c	316	313	337	332	270	402	263	133	29	37	31	33	34	46	33	37	34	32	34	24	43	26	39	28	28	36	25	39	26	29	26	36	37	32	25	36	34	26	29	
1,401.0000	c	323	322	352	340	275	409	267	139	29	39	32	34	34	47	34	38	36	34	35	25	45	27	42	29	28	37	26	39	26	29	26	36	37	32	27	37	35	26	30	
1,451.0000	c	329	329	363	351	288	425	275	143	29	40	33	37	35	48	37	40	37	34	37	25	46	28	42	29	28	38	30	39	26	31	26	36	39	33	28	38	36	27	32	
1,501.0000	c	334	334	365	359	296	434	279	147	29	40	35	38	35	48	37	41	37	35	37	26	47	29	43	30	30	40	30	39	28	31	27	36	39	33	28	38	38	28	32	
1,551.0000	c	344	342	372	365	302	443	287	148	30	41	37	38	36	51	37	43	38	35	37	26	47	29	44	31	30	40	32	43	28	31	27	38	41	34	29	38	42	29	33	
1,601.0000	c	353	354	383	373	313	454	296	150	30	42	39	39	37	51	38	43	41	35	39	26	47	31	45	32	30	40	33	43	30	31	29	38	43	34	29	41	43	31	35	
1,651.0000	c	368	365	394	381	319	467	304	153	30	43	43	39	39	51	40	45	46	37	39	27	48	33	46	33	30	41	33	44	30	32	29	39	44	35	30	41	44	31	36	
1,701.0000	c	378	377	404	389	322	476	310	157	31	44	45	39	41	52	41	50	48	38	39	28	50	34	47	33	32	42	34	44	30	34	29	41	44	37	30	43	44	31	36	
1,751.0000	c	392	387	415	398	332	493	320	161	33	45	46	40	42	52	42	50	49	38	39	29	54	35	47	34	32	43	35	46	32	35	29	42	45	39	34	44	44	31	37	
1,801.0000	c	406	401	433	411	343	507	330	165	34	46	48	41	42	53	43	50	52	40	39	31	55	35	47	35	33	44	36	47	33	37	31	44	47	40	36	44	47	32	38	
