0.7000 1048 1 -1 1
0.9000 1048 1 -1 1
1.0000 342 1 -1 1
1.2000 342 1 -1 1
1.4000 342 1 -1 1
1.8000 1038 1 -1 1
2.0000 1038 1 -1 1
2.2000 1038 1 -1 1
2.4000 1038 1 -1 1
2.7687 599 1 -1 1
2.9687 599 1 -1 1
3.1687 599 1 -1 1
3.3687 599 1 -1 1
3.4687 953 1 -1 1
3.5687 599 1 -1 1
3.6687 953 1 -1 1
3.9060 953 1 -1 1
4.1060 953 1 -1 1
4.3060 1027 1 -1 1
4.3347 1006 1 -1 1
4.5060 1027 1 -1 1
4.5347 1006 1 -1 1
4.7060 1027 1 -1 1
4.7347 1006 1 -1 1
4.9347 1006 1 -1 1
5.0060 1 1 -1 1
5.2060 1 1 -1 1
5.5851 1048 1 -1 1
5.9851 1048 1 -1 1
5.9851 1046 1 -1 1
6.1851 1048 1 -1 1
6.1851 1046 1 -1 1
10.5272 360 1 -1 1
10.7272 360 1 -1 1
10.9272 360 1 -1 1
11.1272 1033 1 -1 1
11.3272 1033 1 -1 1
11.5272 1033 1 -1 1
11.7272 1033 1 -1 1
11.8528 769 1 -1 1
12.0528 769 1 -1 1
12.2528 769 1 -1 1
12.6906 68 1 -1 1
12.8906 68 1 -1 1
13.0906 68 1 -1 1
13.2906 68 1 -1 1
14.5616 433 1 -1 1
14.7616 433 1 -1 1
16.1795 855 1 -1 1
16.3795 855 1 -1 1
16.4795 976 1 -1 1
16.4795 1039 1 -1 1
16.5795 855 1 -1 1
16.6795 976 1 -1 1
16.6795 1039 1 -1 1
16.7795 855 1 -1 1
16.8795 976 1 -1 1
16.8795 1039 1 -1 1
17.0795 1039 1 -1 1
18.0367 1047 1 -1 1
18.2367 1047 1 -1 1
18.4367 176 1 -1 1
18.4367 1047 1 -1 1
18.6367 176 1 -1 1
18.8367 176 1 -1 1
19.0367 176 1 -1 1
19.2367 176 1 -1 1
20.5932 300 1 -1 1
20.7932 300 1 -1 1
21.3474 98 1 -1 1
21.5568 650 1 -1 1
21.5568 98 1 -1 1
21.7568 650 1 -1 1
21.7568 98 1 -1 1
21.9568 650 1 -1 1
22.1568 650 1 -1 1
23.0584 947 1 -1 1
23.2584 947 1 -1 1
23.4584 947 1 -1 1
23.6584 947 1 -1 1
23.7657 1039 1 -1 1
23.8584 947 1 -1 1
25.3446 902 1 -1 1
25.5437 982 1 -1 1
25.5446 902 1 -1 1
25.7437 982 1 -1 1
25.7446 902 1 -1 1
25.9446 902 1 -1 1
26.3436 651 1 -1 1
26.5436 651 1 -1 1
28.9312 1044 1 -1 1
28.9433 757 1 -1 1
29.1312 1044 1 -1 1
29.1433 757 1 -1 1
30.1978 645 1 -1 1
30.3978 645 1 -1 1
30.5978 645 1 -1 1
30.7978 645 1 -1 1
32.0424 1047 1 -1 1
32.0424 1047 1 -1 1
32.2424 1047 1 -1 1
32.2424 1047 1 -1 1
32.4424 1047 1 -1 1
34.5147 61 1 -1 1
34.7147 61 1 -1 1
35.0147 280 1 -1 1
35.2147 280 1 -1 1
36.3147 39 1 -1 1
36.5147 39 1 -1 1
36.7147 39 1 -1 1
36.9147 39 1 -1 1
38.4962 1042 1 -1 1
40.5015 977 1 -1 1
40.7015 977 1 -1 1
40.9015 977 1 -1 1
41.1015 977 1 -1 1
42.4637 1042 1 -1 1
42.6637 1042 1 -1 1
42.8637 1042 1 -1 1
43.0637 1042 1 -1 1
43.6686 866 1 -1 1
43.8686 866 1 -1 1
44.0686 866 1 -1 1
45.3243 1019 1 -1 1
45.5243 1019 1 -1 1
45.7243 1019 1 -1 1
46.5023 279 1 -1 1
46.7023 279 1 -1 1
46.9023 580 1 -1 1
46.9023 279 1 -1 1
46.9023 1048 1 -1 1
47.1023 580 1 -1 1
47.2023 1048 1 -1 1
47.3023 580 1 -1 1
47.3023 564 1 -1 1
47.5023 1048 1 -1 1
47.6023 564 1 -1 1
47.8023 564 1 -1 1
48.0023 564 1 -1 1
48.2023 564 1 -1 1
50.2506 1011 1 -1 1
50.4506 1011 1 -1 1
50.4651 934 1 -1 1
50.6506 1011 1 -1 1
50.6651 934 1 -1 1
50.8506 1011 1 -1 1
50.8651 934 1 -1 1
50.8651 48 1 -1 1
51.0506 369 1 -1 1
51.0651 934 1 -1 1
51.0651 48 1 -1 1
51.2506 369 1 -1 1
51.2651 934 1 -1 1
51.2651 48 1 -1 1
51.4506 369 1 -1 1
51.4651 48 1 -1 1
51.6506 369 1 -1 1
51.6651 48 1 -1 1
54.0471 581 1 -1 1
54.2471 581 1 -1 1
55.7252 1044 1 -1 1
55.9252 1044 1 -1 1
56.0252 946 1 -1 1
56.1252 1044 1 -1 1
56.1252 1044 1 -1 1
56.2252 946 1 -1 1
56.3393 1044 1 -1 1
56.4252 946 1 -1 1
56.5393 1044 1 -1 1
56.6252 946 1 -1 1
56.8393 988 1 -1 1
57.0393 988 1 -1 1
57.2393 988 1 -1 1
58.1982 720 1 -1 1
58.3982 720 1 -1 1
58.5982 720 1 -1 1
58.7982 720 1 -1 1
60.8404 152 1 -1 1
61.0404 152 1 -1 1
61.2404 152 1 -1 1
61.4404 152 1 -1 1
61.6404 152 1 -1 1
63.0936 1042 1 -1 1
63.1750 1035 1 -1 1
63.2936 1042 1 -1 1
63.3936 1042 1 -1 1
63.4936 1042 1 -1 1
63.6936 1042 1 -1 1
64.5936 621 1 -1 1
64.7936 621 1 -1 1
64.8936 648 1 -1 1
64.9936 621 1 -1 1
65.0936 648 1 -1 1
65.2936 648 1 -1 1
65.4936 648 1 -1 1
66.3459 1047 1 -1 1
72.6250 638 1 -1 1
72.8250 638 1 -1 1
73.5250 312 1 -1 1
73.7250 312 1 -1 1
73.9250 312 1 -1 1
74.1250 312 1 -1 1
74.3250 312 1 -1 1
74.8250 948 1 -1 1
75.0250 948 1 -1 1
75.2250 948 1 -1 1
75.4250 948 1 -1 1
75.9968 308 1 -1 1
76.1968 308 1 -1 1
77.9835 82 1 -1 1
78.1835 82 1 -1 1
78.3835 82 1 -1 1
78.5325 1010 1 -1 1
78.5835 82 1 -1 1
78.7325 1010 1 -1 1
78.9325 1010 1 -1 1
79.1325 1010 1 -1 1
81.0239 1007 1 -1 1
81.2239 1007 1 -1 1
81.4239 1007 1 -1 1
81.4239 353 1 -1 1
81.6239 1007 1 -1 1
83.6060 1036 1 -1 1
83.7053 1037 1 -1 1
83.9053 1037 1 -1 1
84.1053 1037 1 -1 1
84.3053 1037 1 -1 1
86.5061 303 1 -1 1
86.7257 303 1 -1 1
86.9257 303 1 -1 1
87.0061 885 1 -1 1
87.2061 885 1 -1 1
87.4061 885 1 -1 1
87.6061 885 1 -1 1
87.8821 931 1 -1 1
88.0821 931 1 -1 1
88.1821 785 1 -1 1
88.2821 931 1 -1 1
88.3821 785 1 -1 1
88.4821 931 1 -1 1
88.5821 785 1 -1 1
88.6821 931 1 -1 1
89.2699 1028 1 -1 1
89.4699 1028 1 -1 1
89.6699 1028 1 -1 1
90.5515 1042 1 -1 1
94.5925 1031 1 -1 1
94.7925 1031 1 -1 1
94.9925 1031 1 -1 1
94.9925 1034 1 -1 1
95.1925 1031 1 -1 1
95.1925 1034 1 -1 1
95.3925 488 1 -1 1
95.5925 488 1 -1 1
95.7925 488 1 -1 1
95.9925 488 1 -1 1
95.9925 929 1 -1 1
96.1925 929 1 -1 1
96.3925 929 1 -1 1
96.5925 929 1 -1 1
98.6433 971 1 -1 1
98.8433 538 1 -1 1
98.8433 971 1 -1 1
99.1433 538 1 -1 1
99.6592 954 1 -1 1
99.8592 954 1 -1 1
100.0592 954 1 -1 1
100.2592 954 1 -1 1
100.5825 684 1 -1 1
100.6945 908 1 -1 1
100.7945 684 1 -1 1
100.8945 908 1 -1 1
100.9945 684 1 -1 1
101.0945 908 1 -1 1
101.4181 1031 1 -1 1
102.9795 702 1 -1 1
103.0795 951 1 -1 1
103.1795 702 1 -1 1
103.2795 951 1 -1 1
103.3795 702 1 -1 1
103.5795 702 1 -1 1
103.7504 1044 1 -1 1
103.7795 702 1 -1 1
106.4683 571 1 -1 1
106.6683 571 1 -1 1
108.3499 1029 1 -1 1
108.3989 927 1 -1 1
108.5499 1029 1 -1 1
108.5989 927 1 -1 1
108.7499 1029 1 -1 1
108.7989 927 1 -1 1
108.9499 1029 1 -1 1
110.8043 177 1 -1 1
111.0043 177 1 -1 1
111.2043 177 1 -1 1
111.7320 1043 1 -1 1
111.9320 1043 1 -1 1
113.9762 968 1 -1 1
114.1762 968 1 -1 1
114.3762 968 1 -1 1
114.5762 968 1 -1 1
116.1980 1048 1 -1 1
116.4026 1038 1 -1 1
116.6026 1038 1 -1 1
116.8026 1038 1 -1 1
116.8026 1038 1 -1 1
117.0026 1038 1 -1 1
118.6565 251 1 -1 1
118.8457 67 1 -1 1
118.9457 251 1 -1 1
119.0457 67 1 -1 1
119.2457 67 1 -1 1
119.4457 67 1 -1 1
121.1376 949 1 -1 1
121.3376 949 1 -1 1
121.5376 949 1 -1 1
122.7524 1024 1 -1 1
122.9524 1024 1 -1 1
123.1524 1024 1 -1 1
123.3524 1024 1 -1 1
123.7879 447 1 -1 1
124.0879 1046 1 -1 1
124.1577 447 1 -1 1
124.1879 920 1 -1 1
124.2577 1046 1 -1 1
124.2879 1046 1 -1 1
124.3577 447 1 -1 1
124.3879 920 1 -1 1
124.4577 1046 1 -1 1
124.4879 1046 1 -1 1
124.5879 920 1 -1 1
124.7281 1044 1 -1 1
124.7879 920 1 -1 1
125.3136 96 1 -1 1
125.5136 96 1 -1 1
125.7136 96 1 -1 1
126.7836 178 1 -1 1
126.7836 334 1 -1 1
126.9836 334 1 -1 1
127.1208 641 1 -1 1
127.1552 178 1 -1 1
127.2836 1039 1 -1 1
127.3208 641 1 -1 1
127.3836 1039 1 -1 1
127.4208 178 1 -1 1
127.4836 1039 1 -1 1
127.5208 641 1 -1 1
127.5836 1039 1 -1 1
127.6208 178 1 -1 1
127.6836 1039 1 -1 1
127.7208 641 1 -1 1
128.6836 160 1 -1 1
128.8836 160 1 -1 1
129.0836 160 1 -1 1
129.8278 762 1 -1 1
129.8278 104 1 -1 1
130.0278 104 1 -1 1
130.2176 762 1 -1 1
130.2176 391 1 -1 1
130.4176 762 1 -1 1
130.4176 391 1 -1 1
130.6176 762 1 -1 1
130.6176 391 1 -1 1
130.7176 36 1 -1 1
130.9176 36 1 -1 1
131.1176 36 1 -1 1
131.2176 402 1 -1 1
131.3176 891 1 -1 1
131.5176 891 1 -1 1
131.5176 402 1 -1 1
131.7176 891 1 -1 1
131.7176 402 1 -1 1
132.0176 402 1 -1 1
132.2176 241 1 -1 1
132.4176 241 1 -1 1
132.6176 241 1 -1 1
132.8176 241 1 -1 1
133.0176 241 1 -1 1
133.2251 1039 1 -1 1
133.7065 240 1 -1 1
133.9065 240 1 -1 1
134.1065 240 1 -1 1
135.5911 1007 1 -1 1
135.6911 1007 1 -1 1
135.7911 1007 1 -1 1
135.7911 1007 1 -1 1
135.9911 1007 1 -1 1
136.4367 1048 1 -1 1
136.4730 1030 1 -1 1
136.4911 1041 1 -1 1
136.6730 1030 1 -1 1
136.8730 1030 1 -1 1
136.9461 1048 1 -1 1
137.0730 1030 1 -1 1
140.3144 954 1 -1 1
140.5824 687 1 -1 1
140.7824 687 1 -1 1
141.0144 687 1 -1 1
141.0144 1015 1 -1 1
141.2144 687 1 -1 1
141.3099 1015 1 -1 1
141.5099 1015 1 -1 1
141.8438 180 1 -1 1
142.1438 180 1 -1 1
142.3438 180 1 -1 1
142.5438 901 1 -1 1
142.7438 901 1 -1 1
142.9438 901 1 -1 1
143.1438 901 1 -1 1
144.0977 839 1 -1 1
144.2977 839 1 -1 1
144.4977 839 1 -1 1
144.8480 1042 1 -1 1
146.6478 1005 1 -1 1
146.9008 1005 1 -1 1
147.0008 856 1 -1 1
147.1008 1005 1 -1 1
147.2008 856 1 -1 1
147.3008 1005 1 -1 1
147.4008 856 1 -1 1
147.8009 1029 1 -1 1
148.0687 1006 1 -1 1
148.1687 1006 1 -1 1
148.2687 1006 1 -1 1
148.2687 1006 1 -1 1
148.4687 1006 1 -1 1
148.4687 1006 1 -1 1
148.5687 364 1 -1 1
148.7687 364 1 -1 1
148.9687 364 1 -1 1
149.7222 960 1 -1 1
149.9222 960 1 -1 1
150.1222 960 1 -1 1
151.7831 1043 1 -1 1
151.7831 1043 1 -1 1
151.9831 1043 1 -1 1
152.1831 1043 1 -1 1
152.3831 1043 1 -1 1
153.3408 974 1 -1 1
153.5408 974 1 -1 1
154.3408 1043 1 -1 1
154.6768 508 1 -1 1
154.7408 457 1 -1 1
154.8768 508 1 -1 1
154.9408 457 1 -1 1
155.0768 508 1 -1 1
155.2408 1018 1 -1 1
155.2408 828 1 -1 1
155.4408 1018 1 -1 1
155.4748 828 1 -1 1
155.6408 1018 1 -1 1
155.6748 828 1 -1 1
155.8748 828 1 -1 1
156.0748 828 1 -1 1
156.1748 513 1 -1 1
156.4151 513 1 -1 1
156.6151 513 1 -1 1
157.0959 1036 1 -1 1
157.3959 1036 1 -1 1
157.4959 1032 1 -1 1
157.5959 1036 1 -1 1
157.6959 1032 1 -1 1
157.8959 1032 1 -1 1
158.0959 1032 1 -1 1
158.2959 1032 1 -1 1
158.2959 212 1 -1 1
158.4959 212 1 -1 1
158.6959 212 1 -1 1
158.9959 537 1 -1 1
158.9959 212 1 -1 1
159.1959 537 1 -1 1
159.1959 212 1 -1 1
159.3959 537 1 -1 1
159.5959 537 1 -1 1
161.1322 987 1 -1 1
161.3322 987 1 -1 1
161.5322 987 1 -1 1
162.5044 172 1 -1 1
162.7044 172 1 -1 1
164.5958 707 1 -1 1
164.7958 707 1 -1 1
164.9958 707 1 -1 1
165.1958 707 1 -1 1
165.3326 1033 1 -1 1
165.5326 1033 1 -1 1
165.5326 1033 1 -1 1
165.7326 1033 1 -1 1
165.7326 1033 1 -1 1
166.3399 1040 1 -1 1
166.5399 1040 1 -1 1
166.7399 1040 1 -1 1
166.9399 1040 1 -1 1
167.9355 234 1 -1 1
168.1355 1029 1 -1 1
168.3355 1029 1 -1 1
168.3355 234 1 -1 1
168.3355 1029 1 -1 1
168.5355 1029 1 -1 1
168.5355 234 1 -1 1
168.5355 1029 1 -1 1
168.7355 234 1 -1 1
169.4355 478 1 -1 1
169.6355 478 1 -1 1
169.8355 478 1 -1 1
170.0355 478 1 -1 1
170.1355 387 1 -1 1
170.2355 478 1 -1 1
170.3355 387 1 -1 1
170.5355 387 1 -1 1
170.9355 2 1 -1 1
171.0355 705 1 -1 1
171.1355 2 1 -1 1
171.2355 705 1 -1 1
171.3355 2 1 -1 1
171.4355 705 1 -1 1
171.5355 2 1 -1 1
172.2825 1024 1 -1 1
172.4825 1024 1 -1 1
172.4825 1024 1 -1 1
172.5662 1048 1 -1 1
172.6825 1024 1 -1 1
176.3959 1043 1 -1 1
177.2256 1038 1 -1 1
177.2557 450 1 -1 1
177.4557 450 1 -1 1
177.6557 450 1 -1 1
178.7627 1044 1 -1 1
179.0627 30 1 -1 1
179.2627 30 1 -1 1
179.4627 30 1 -1 1
179.6627 30 1 -1 1
179.7123 1043 1 -1 1
180.5728 1038 1 -1 1
181.6174 574 1 -1 1
181.8174 574 1 -1 1
182.0174 1000 1 -1 1
182.2174 1000 1 -1 1
182.4174 1000 1 -1 1
183.8700 278 1 -1 1
184.0700 278 1 -1 1
184.2700 278 1 -1 1
184.4700 278 1 -1 1
184.6700 278 1 -1 1
186.7689 410 1 -1 1
186.9689 410 1 -1 1
191.1088 1041 1 -1 1
191.3088 1041 1 -1 1
191.5088 1041 1 -1 1
195.3188 924 1 -1 1
195.4188 1023 1 -1 1
195.4922 629 1 -1 1
195.5188 924 1 -1 1
195.6922 1023 1 -1 1
195.7188 629 1 -1 1
195.7922 836 1 -1 1
195.8922 1023 1 -1 1
195.9188 629 1 -1 1
195.9922 836 1 -1 1
196.0188 992 1 -1 1
196.0922 1023 1 -1 1
196.2188 992 1 -1 1
196.2922 1023 1 -1 1
197.1544 1043 1 -1 1
197.3544 1043 1 -1 1
197.3544 1043 1 -1 1
198.7659 436 1 -1 1
198.9659 436 1 -1 1
199.1659 436 1 -1 1
200.0927 590 1 -1 1
200.1927 1031 1 -1 1
200.3814 590 1 -1 1
200.3927 1031 1 -1 1
200.4927 997 1 -1 1
200.5927 1031 1 -1 1
200.5927 1031 1 -1 1
200.5927 590 1 -1 1
200.6927 997 1 -1 1
200.7927 1031 1 -1 1
200.7927 590 1 -1 1
200.8927 997 1 -1 1
200.9927 590 1 -1 1
202.6530 468 1 -1 1
202.8530 786 1 -1 1
202.8530 468 1 -1 1
203.0530 786 1 -1 1
203.0530 468 1 -1 1
203.2530 786 1 -1 1
203.2530 468 1 -1 1
203.4530 786 1 -1 1
204.4588 942 1 -1 1
204.6588 942 1 -1 1
204.8588 942 1 -1 1
205.2436 1037 1 -1 1
205.4436 1037 1 -1 1
205.4436 1037 1 -1 1
206.8688 948 1 -1 1
207.1688 948 1 -1 1
207.3981 313 1 -1 1
207.4688 948 1 -1 1
207.5981 313 1 -1 1
207.6981 948 1 -1 1
207.8981 948 1 -1 1
213.0491 304 1 -1 1
213.2491 304 1 -1 1
213.6355 1023 1 -1 1
213.8355 1023 1 -1 1
213.8491 983 1 -1 1
213.9355 1023 1 -1 1
214.0355 1023 1 -1 1
214.0491 983 1 -1 1
214.2355 1023 1 -1 1
214.2491 983 1 -1 1
216.0061 135 1 -1 1
219.5400 377 1 -1 1
219.7918 377 1 -1 1
219.9400 1017 1 -1 1
219.9918 377 1 -1 1
220.1400 1017 1 -1 1
220.7893 1048 1 -1 1
221.6312 961 1 -1 1
221.8312 961 1 -1 1
222.0312 961 1 -1 1
222.2312 961 1 -1 1
222.5743 1045 1 -1 1
222.7743 1045 1 -1 1
222.9743 1045 1 -1 1
223.1743 1045 1 -1 1
223.4439 42 1 -1 1
224.5326 552 1 -1 1
224.7326 552 1 -1 1
224.9326 552 1 -1 1
225.1326 552 1 -1 1
225.8350 693 1 -1 1
226.0350 693 1 -1 1
226.2218 1032 1 -1 1
226.4218 1032 1 -1 1
227.9057 926 1 -1 1
228.1057 926 1 -1 1
228.2057 956 1 -1 1
228.4057 956 1 -1 1
228.6057 956 1 -1 1
228.8057 956 1 -1 1
230.0972 1016 1 -1 1
230.2972 1016 1 -1 1
230.4972 1016 1 -1 1
231.0972 350 1 -1 1
231.2972 350 1 -1 1
231.3972 986 1 -1 1
231.4972 350 1 -1 1
231.5972 986 1 -1 1
231.6972 350 1 -1 1
231.7972 986 1 -1 1
231.9972 986 1 -1 1
232.1972 986 1 -1 1
232.5315 1043 1 -1 1
232.8315 717 1 -1 1
233.0315 717 1 -1 1
233.2315 717 1 -1 1
233.4315 717 1 -1 1
234.2632 365 1 -1 1
234.3632 1017 1 -1 1
236.2588 731 1 -1 1
236.4588 731 1 -1 1
236.4588 915 1 -1 1
236.6588 915 1 -1 1
236.8588 915 1 -1 1
237.0588 915 1 -1 1
238.4243 1025 1 -1 1
238.6243 446 1 -1 1
238.6550 1025 1 -1 1
238.8243 446 1 -1 1
238.8550 1025 1 -1 1
239.0243 446 1 -1 1
239.1243 417 1 -1 1
239.3243 417 1 -1 1
240.1255 612 1 -1 1
240.5255 798 1 -1 1
240.7255 798 1 -1 1
240.9255 798 1 -1 1
241.9448 1041 1 -1 1
242.8775 788 1 -1 1
243.0775 788 1 -1 1
243.2775 788 1 -1 1
243.4775 788 1 -1 1
243.6775 788 1 -1 1
244.7198 1025 1 -1 1
244.7345 1043 1 -1 1
244.9198 1025 1 -1 1
245.5215 1025 1 -1 1
245.7215 1025 1 -1 1
245.9215 1025 1 -1 1
246.0215 959 1 -1 1
246.1215 1047 1 -1 1
246.1215 1025 1 -1 1
246.2215 959 1 -1 1
246.4215 959 1 -1 1
246.6215 959 1 -1 1
246.6215 527 1 -1 1
247.1215 1048 1 -1 1
247.4215 940 1 -1 1
247.6215 940 1 -1 1
247.8215 940 1 -1 1
248.0215 940 1 -1 1
249.6519 331 1 -1 1
249.8519 331 1 -1 1
250.0519 331 1 -1 1
250.1519 445 1 -1 1
250.3519 950 1 -1 1
250.3519 445 1 -1 1
250.5519 950 1 -1 1
250.5556 1044 1 -1 1
250.7519 950 1 -1 1
253.5591 62 1 -1 1
253.7591 62 1 -1 1
253.9591 62 1 -1 1
254.1591 62 1 -1 1
254.1591 149 1 -1 1
254.3591 149 1 -1 1
254.5591 149 1 -1 1
255.5424 676 1 -1 1
255.7424 676 1 -1 1
255.9424 676 1 -1 1
257.6747 507 1 -1 1
257.8747 507 1 -1 1
257.9743 1040 1 -1 1
259.0356 927 1 -1 1
259.2356 927 1 -1 1
259.2356 927 1 -1 1
259.3855 518 1 -1 1
259.5855 518 1 -1 1
259.7855 518 1 -1 1
259.7855 646 1 -1 1
259.9855 646 1 -1 1
260.1855 646 1 -1 1
260.3855 646 1 -1 1
260.7875 1009 1 -1 1
260.9875 1009 1 -1 1
261.1875 1009 1 -1 1
262.6461 305 1 -1 1
262.8461 305 1 -1 1
263.0461 305 1 -1 1
263.2461 305 1 -1 1
265.0161 1019 1 -1 1
265.1161 1019 1 -1 1
265.3161 1019 1 -1 1
265.3161 1019 1 -1 1
265.7161 975 1 -1 1
265.9161 975 1 -1 1
266.1161 975 1 -1 1
266.2161 875 1 -1 1
266.4161 875 1 -1 1
266.6161 875 1 -1 1
268.4574 598 1 -1 1
268.6574 598 1 -1 1
268.8574 598 1 -1 1
269.0574 598 1 -1 1
270.2019 311 1 -1 1
270.4019 311 1 -1 1
270.6019 311 1 -1 1
273.9830 1043 1 -1 1
274.1318 967 1 -1 1
274.3318 967 1 -1 1
275.1099 732 1 -1 1
275.2099 227 1 -1 1
275.3099 732 1 -1 1
275.4099 227 1 -1 1
275.5099 732 1 -1 1
275.7099 732 1 -1 1
275.8099 1032 1 -1 1
277.4707 380 1 -1 1
277.6707 380 1 -1 1
277.8707 380 1 -1 1
278.0707 380 1 -1 1
278.2707 380 1 -1 1
278.7476 1032 1 -1 1
278.9476 1032 1 -1 1
278.9476 1032 1 -1 1
282.5032 459 1 -1 1
282.7032 459 1 -1 1
282.9032 459 1 -1 1
283.1032 459 1 -1 1
283.7080 610 1 -1 1
283.9080 610 1 -1 1
283.9724 1032 1 -1 1
284.1080 610 1 -1 1
284.3080 610 1 -1 1
284.5080 610 1 -1 1
285.1197 925 1 -1 1
285.3197 925 1 -1 1
285.5197 925 1 -1 1
285.7197 925 1 -1 1
285.9197 925 1 -1 1
286.2898 1041 1 -1 1
286.4898 1041 1 -1 1
286.6898 1041 1 -1 1
286.8898 1041 1 -1 1
286.8898 1041 1 -1 1
287.4211 825 1 -1 1
287.6211 825 1 -1 1
290.0712 771 1 -1 1
290.0712 845 1 -1 1
290.2712 771 1 -1 1
290.2712 845 1 -1 1
290.4712 771 1 -1 1
290.4712 1045 1 -1 1
290.4712 845 1 -1 1
290.6712 771 1 -1 1
290.6712 845 1 -1 1
290.8712 771 1 -1 1
294.5897 1029 1 -1 1
295.5276 840 1 -1 1
295.7276 840 1 -1 1
296.3276 1026 1 -1 1
296.5276 1026 1 -1 1
296.7276 1026 1 -1 1
296.9276 1026 1 -1 1
297.6801 830 1 -1 1
297.8801 830 1 -1 1
298.0801 830 1 -1 1
299.3858 5 1 -1 1
299.5858 5 1 -1 1
299.7858 5 1 -1 1
302.2728 962 1 -1 1
302.2791 1008 1 -1 1
302.5730 962 1 -1 1
302.8730 110 1 -1 1
303.0730 110 1 -1 1
303.2730 110 1 -1 1
303.4730 110 1 -1 1
303.5318 1030 1 -1 1
306.5360 1003 1 -1 1
306.7360 1003 1 -1 1
306.9360 1003 1 -1 1
307.1360 1003 1 -1 1
307.3360 1003 1 -1 1
307.5159 1045 1 -1 1
307.7159 1045 1 -1 1
308.0296 961 1 -1 1
308.1296 1045 1 -1 1
308.3296 1045 1 -1 1
308.5296 1045 1 -1 1
309.2499 1047 1 -1 1
309.2677 653 1 -1 1
310.3386 284 1 -1 1
310.5386 284 1 -1 1
310.8834 936 1 -1 1
311.0834 936 1 -1 1
311.2834 936 1 -1 1
311.4834 936 1 -1 1
311.6834 936 1 -1 1
311.8235 744 1 -1 1
312.0235 744 1 -1 1
312.1235 1044 1 -1 1
313.5066 949 1 -1 1
315.4003 390 1 -1 1
315.6003 390 1 -1 1
315.8003 390 1 -1 1
315.8003 246 1 -1 1
316.0003 246 1 -1 1
316.1003 390 1 -1 1
316.2003 246 1 -1 1
316.3003 390 1 -1 1
316.3360 63 1 -1 1
316.5360 1037 1 -1 1
316.5360 63 1 -1 1
316.7003 1037 1 -1 1
316.7084 981 1 -1 1
316.7360 1037 1 -1 1
316.8321 63 1 -1 1
316.9084 981 1 -1 1
317.0321 63 1 -1 1
317.3084 188 1 -1 1
317.5084 188 1 -1 1
317.6084 887 1 -1 1
317.7084 188 1 -1 1
317.8084 887 1 -1 1
317.9164 188 1 -1 1
318.0084 887 1 -1 1
318.0164 1032 1 -1 1
318.2084 887 1 -1 1
318.2084 674 1 -1 1
318.4084 887 1 -1 1
318.4084 674 1 -1 1
318.6956 674 1 -1 1
318.8956 674 1 -1 1
318.9956 262 1 -1 1
319.1956 262 1 -1 1
319.3956 262 1 -1 1
320.0577 1012 1 -1 1
320.2577 1012 1 -1 1
320.4577 1012 1 -1 1
322.7720 407 1 -1 1
322.9720 776 1 -1 1
322.9720 407 1 -1 1
323.1720 776 1 -1 1
323.1720 407 1 -1 1
323.2268 476 1 -1 1
323.3720 776 1 -1 1
323.4268 476 1 -1 1
323.6268 476 1 -1 1
323.7720 820 1 -1 1
323.8666 1033 1 -1 1
323.8720 476 1 -1 1
323.9720 820 1 -1 1
324.0720 476 1 -1 1
324.1720 820 1 -1 1
325.7106 80 1 -1 1
325.8106 1038 1 -1 1
325.9106 80 1 -1 1
326.2106 914 1 -1 1
326.7040 1031 1 -1 1
327.9587 1044 1 -1 1
328.3270 1045 1 -1 1
330.4284 972 1 -1 1
330.6284 829 1 -1 1
330.6284 972 1 -1 1
330.8284 829 1 -1 1
330.8284 972 1 -1 1
331.0284 829 1 -1 1
331.0284 972 1 -1 1
331.2284 829 1 -1 1
331.4284 829 1 -1 1
333.9659 1023 1 -1 1
334.0326 1035 1 -1 1
334.2326 1035 1 -1 1
334.9090 1035 1 -1 1
335.0090 654 1 -1 1
335.0490 868 1 -1 1
335.1090 1035 1 -1 1
335.2090 654 1 -1 1
335.2490 868 1 -1 1
335.3090 1035 1 -1 1
335.4090 654 1 -1 1
335.4490 868 1 -1 1
335.5090 1045 1 -1 1
335.5090 1035 1 -1 1
335.6090 654 1 -1 1
335.6490 868 1 -1 1
335.8090 654 1 -1 1
337.4297 1026 1 -1 1
339.8298 1034 1 -1 1
340.0691 1034 1 -1 1
340.2691 1034 1 -1 1
340.4691 454 1 -1 1
340.6691 454 1 -1 1
343.6021 1048 1 -1 1
344.6940 736 1 -1 1
344.8940 736 1 -1 1
345.0940 736 1 -1 1
345.2136 706 1 -1 1
345.2940 736 1 -1 1
345.3038 229 1 -1 1
345.4136 706 1 -1 1
345.5136 229 1 -1 1
345.7136 229 1 -1 1
345.9136 229 1 -1 1
346.7225 958 1 -1 1
346.9225 958 1 -1 1
347.1225 958 1 -1 1
348.3000 672 1 -1 1
348.5000 672 1 -1 1
348.8808 1047 1 -1 1
349.6417 1039 1 -1 1
350.3746 147 1 -1 1
350.5746 147 1 -1 1
352.2049 975 1 -1 1
352.4049 975 1 -1 1
352.5049 975 1 -1 1
352.8049 975 1 -1 1
352.9049 224 1 -1 1
353.0049 975 1 -1 1
353.1049 224 1 -1 1
353.2049 975 1 -1 1
353.3049 224 1 -1 1
353.5049 224 1 -1 1
353.7049 224 1 -1 1
353.8883 733 1 -1 1
354.0883 733 1 -1 1
354.2883 733 1 -1 1
354.8802 596 1 -1 1
355.1581 596 1 -1 1
355.2581 1023 1 -1 1
355.3414 986 1 -1 1
355.3581 596 1 -1 1
356.3163 1018 1 -1 1
356.5163 1018 1 -1 1
356.5163 1018 1 -1 1
358.2119 1031 1 -1 1
358.2564 1013 1 -1 1
358.4564 1013 1 -1 1
358.6564 1013 1 -1 1
358.8564 1013 1 -1 1
359.0564 1013 1 -1 1
359.2164 582 1 -1 1
359.4164 582 1 -1 1
359.5571 1030 1 -1 1
359.6164 582 1 -1 1
361.1311 941 1 -1 1
361.3311 941 1 -1 1
361.5311 941 1 -1 1
361.5398 60 1 -1 1
361.7398 60 1 -1 1
361.9398 60 1 -1 1
362.8053 511 1 -1 1
363.0053 511 1 -1 1
363.2053 511 1 -1 1
363.4053 511 1 -1 1
363.4380 115 1 -1 1
363.6053 511 1 -1 1
363.6380 115 1 -1 1
364.3661 1037 1 -1 1
364.7903 1030 1 -1 1
366.5196 995 1 -1 1
366.7196 995 1 -1 1
366.9196 995 1 -1 1
367.0572 1037 1 -1 1
367.1196 995 1 -1 1
367.6770 1039 1 -1 1
368.0200 1015 1 -1 1
369.0416 376 1 -1 1
369.2416 376 1 -1 1
369.8365 988 1 -1 1
371.4264 1036 1 -1 1
371.6264 1036 1 -1 1
371.6264 1036 1 -1 1
371.6264 1036 1 -1 1
373.1115 162 1 -1 1
375.2429 865 1 -1 1
375.4429 865 1 -1 1
375.5429 1020 1 -1 1
375.6429 865 1 -1 1
375.7429 1020 1 -1 1
376.3354 289 1 -1 1
376.5354 289 1 -1 1
376.7354 289 1 -1 1
376.9354 289 1 -1 1
377.1770 1040 1 -1 1
377.3770 1040 1 -1 1
377.3770 1040 1 -1 1
377.4700 1041 1 -1 1
377.5770 1040 1 -1 1
377.5770 1040 1 -1 1
380.0452 480 1 -1 1
380.2452 480 1 -1 1
380.3424 1038 1 -1 1
380.4452 480 1 -1 1
380.6452 480 1 -1 1
380.8452 480 1 -1 1
382.0377 991 1 -1 1
382.2377 991 1 -1 1
384.1726 307 1 -1 1
385.0901 1046 1 -1 1
385.2560 239 1 -1 1
385.4560 239 1 -1 1
391.9413 606 1 -1 1
392.1413 606 1 -1 1
392.3413 606 1 -1 1
392.5413 606 1 -1 1
392.9235 464 1 -1 1
393.0235 964 1 -1 1
393.1235 464 1 -1 1
393.2235 964 1 -1 1
393.4235 964 1 -1 1
393.5472 929 1 -1 1
393.7472 406 1 -1 1
393.8857 430 1 -1 1
393.9857 406 1 -1 1
394.0857 430 1 -1 1
394.2857 430 1 -1 1
394.4857 430 1 -1 1
394.6857 430 1 -1 1
394.7857 979 1 -1 1
394.8514 1048 1 -1 1
394.9857 979 1 -1 1
398.9183 528 1 -1 1
399.1183 528 1 -1 1
399.5183 969 1 -1 1
399.7183 969 1 -1 1
400.1183 756 1 -1 1
400.3183 756 1 -1 1
401.2175 1047 1 -1 1
401.2334 496 1 -1 1
401.3334 1011 1 -1 1
401.4334 496 1 -1 1
401.6334 1011 1 -1 1
402.3334 748 1 -1 1
402.5124 1003 1 -1 1
402.5334 748 1 -1 1
402.7334 748 1 -1 1
402.9334 748 1 -1 1
403.1334 748 1 -1 1
403.1334 1019 1 -1 1
403.2229 1019 1 -1 1
403.2723 784 1 -1 1
403.3626 1047 1 -1 1
403.4723 784 1 -1 1
403.6723 784 1 -1 1
403.9229 992 1 -1 1
404.1229 992 1 -1 1
404.3229 992 1 -1 1
404.6429 1045 1 -1 1
405.0190 906 1 -1 1
406.4723 780 1 -1 1
406.6723 780 1 -1 1
406.8723 780 1 -1 1
407.0723 780 1 -1 1
407.2174 1027 1 -1 1
407.8057 898 1 -1 1
408.0057 898 1 -1 1
408.1057 1041 1 -1 1
408.3057 1047 1 -1 1
409.0057 1020 1 -1 1
409.0057 965 1 -1 1
409.2057 1020 1 -1 1
409.2057 965 1 -1 1
409.4057 1020 1 -1 1
412.0669 947 1 -1 1
412.1669 1040 1 -1 1
412.6018 290 1 -1 1
412.8018 290 1 -1 1
413.1018 1025 1 -1 1
413.6018 6 1 -1 1
413.8018 6 1 -1 1
414.0018 6 1 -1 1
414.2018 6 1 -1 1
414.7216 501 1 -1 1
414.9216 501 1 -1 1
415.1216 501 1 -1 1
415.6892 982 1 -1 1
415.8404 1036 1 -1 1
416.0404 1036 1 -1 1
416.0404 1036 1 -1 1
417.1572 72 1 -1 1
417.3572 72 1 -1 1
418.7426 200 1 -1 1
418.8936 1046 1 -1 1
418.8936 179 1 -1 1
418.9024 1046 1 -1 1
418.9426 200 1 -1 1
419.0936 1046 1 -1 1
419.0936 179 1 -1 1
419.2936 179 1 -1 1
419.4936 179 1 -1 1
419.9936 681 1 -1 1
420.1936 681 1 -1 1
420.3936 681 1 -1 1
422.5184 22 1 -1 1
422.7184 22 1 -1 1
422.9184 22 1 -1 1
423.1184 22 1 -1 1
423.5916 14 1 -1 1
423.7916 14 1 -1 1
423.9916 14 1 -1 1
424.0919 1018 1 -1 1
424.2919 1018 1 -1 1
424.4919 1018 1 -1 1
424.6919 1018 1 -1 1
424.6919 1018 1 -1 1
425.7311 976 1 -1 1
425.9311 976 1 -1 1
425.9790 1048 1 -1 1
426.3311 976 1 -1 1
426.5311 976 1 -1 1
426.7311 976 1 -1 1
427.8630 990 1 -1 1
428.0630 990 1 -1 1
428.2630 990 1 -1 1
428.4630 990 1 -1 1
428.5630 232 1 -1 1
428.7630 232 1 -1 1
429.9421 1008 1 -1 1
430.0421 1008 1 -1 1
430.1421 1008 1 -1 1
430.3421 1008 1 -1 1
431.6176 881 1 -1 1
431.8176 881 1 -1 1
432.0176 881 1 -1 1
433.2902 1029 1 -1 1
433.4588 1002 1 -1 1
433.5649 1018 1 -1 1
433.6588 1002 1 -1 1
434.4220 1028 1 -1 1
434.4220 1028 1 -1 1
434.6220 1028 1 -1 1
434.6220 1028 1 -1 1
434.8220 1028 1 -1 1
435.0220 1028 1 -1 1
435.5316 266 1 -1 1
435.6316 1014 1 -1 1
435.7316 266 1 -1 1
435.8316 1014 1 -1 1
435.9316 266 1 -1 1
436.2633 1038 1 -1 1
437.5125 90 1 -1 1
437.7125 90 1 -1 1
437.9125 90 1 -1 1
438.1125 90 1 -1 1
440.8903 493 1 -1 1
441.0903 493 1 -1 1
441.2903 493 1 -1 1
441.4903 493 1 -1 1
443.2238 729 1 -1 1
443.4238 729 1 -1 1
443.6238 729 1 -1 1
443.8238 729 1 -1 1
447.5163 1016 1 -1 1
448.8282 216 1 -1 1
449.2034 930 1 -1 1
449.3926 28 1 -1 1
449.4034 930 1 -1 1
449.5926 28 1 -1 1
449.6034 930 1 -1 1
449.7926 28 1 -1 1
450.2851 1037 1 -1 1
450.6914 895 1 -1 1
450.8914 895 1 -1 1
451.1120 1021 1 -1 1
451.1120 299 1 -1 1
451.2697 1048 1 -1 1
451.3120 1021 1 -1 1
451.3120 299 1 -1 1
451.5120 1021 1 -1 1
451.5120 299 1 -1 1
451.7120 1021 1 -1 1
451.9120 1021 1 -1 1
452.1558 427 1 -1 1
452.3558 427 1 -1 1
452.5558 427 1 -1 1
452.7558 427 1 -1 1
455.2057 540 1 -1 1
455.4057 540 1 -1 1
455.6057 540 1 -1 1
455.8057 540 1 -1 1
458.2577 426 1 -1 1
458.4577 426 1 -1 1
458.6577 426 1 -1 1
458.8577 426 1 -1 1
459.0577 426 1 -1 1
459.5370 970 1 -1 1
459.7370 970 1 -1 1
459.9370 970 1 -1 1
461.2037 206 1 -1 1
461.4037 206 1 -1 1
461.6037 206 1 -1 1
461.6037 432 1 -1 1
461.6037 372 1 -1 1
461.8037 206 1 -1 1
461.8037 432 1 -1 1
461.8037 372 1 -1 1
462.0037 206 1 -1 1
462.0037 432 1 -1 1
462.0037 372 1 -1 1
462.2037 432 1 -1 1
462.2037 372 1 -1 1
462.4037 432 1 -1 1
462.5037 689 1 -1 1
462.7037 689 1 -1 1
463.2649 167 1 -1 1
463.4649 167 1 -1 1
464.0841 670 1 -1 1
464.2841 573 1 -1 1
464.2841 981 1 -1 1
464.2841 670 1 -1 1
464.4649 207 1 -1 1
464.4841 573 1 -1 1
464.4841 981 1 -1 1
464.5841 670 1 -1 1
464.6841 573 1 -1 1
464.6841 207 1 -1 1
464.6841 981 1 -1 1
464.6841 981 1 -1 1
464.7841 670 1 -1 1
464.8841 207 1 -1 1
464.8841 981 1 -1 1
464.9841 670 1 -1 1
465.0841 207 1 -1 1
465.2841 207 1 -1 1
466.1004 77 1 -1 1
466.3004 77 1 -1 1
466.5004 77 1 -1 1
466.7004 77 1 -1 1
467.0711 25 1 -1 1
467.2711 25 1 -1 1
469.2330 261 1 -1 1
469.4330 261 1 -1 1
469.6330 261 1 -1 1
469.8330 261 1 -1 1
470.0330 261 1 -1 1
470.7587 1046 1 -1 1
470.8701 494 1 -1 1
470.9587 547 1 -1 1
471.0701 494 1 -1 1
471.1587 547 1 -1 1
471.2701 494 1 -1 1
471.3587 547 1 -1 1
471.3997 550 1 -1 1
471.5587 547 1 -1 1
471.5997 550 1 -1 1
471.7997 550 1 -1 1
471.9997 550 1 -1 1
472.1997 550 1 -1 1
472.4997 520 1 -1 1
472.6997 520 1 -1 1
472.8997 520 1 -1 1
474.0082 145 1 -1 1
474.2082 145 1 -1 1
474.4082 145 1 -1 1
474.6082 145 1 -1 1
474.8082 145 1 -1 1
475.3664 922 1 -1 1
475.4664 726 1 -1 1
475.5788 922 1 -1 1
475.6664 726 1 -1 1
475.7788 922 1 -1 1
475.8664 726 1 -1 1
475.8788 876 1 -1 1
476.0664 726 1 -1 1
476.0788 876 1 -1 1
476.2788 876 1 -1 1
476.4788 876 1 -1 1
477.1304 1021 1 -1 1
477.3304 1021 1 -1 1
477.4304 293 1 -1 1
477.4584 1021 1 -1 1
477.6584 1021 1 -1 1
477.6584 238 1 -1 1
477.7304 293 1 -1 1
478.0304 293 1 -1 1
478.2304 293 1 -1 1
478.2304 719 1 -1 1
478.4304 719 1 -1 1
478.6304 719 1 -1 1
478.8304 719 1 -1 1
479.5332 755 1 -1 1
479.7332 755 1 -1 1
479.9332 755 1 -1 1
480.1332 755 1 -1 1
480.2819 998 1 -1 1
480.4819 998 1 -1 1
480.6819 998 1 -1 1
481.7637 107 1 -1 1
481.7819 461 1 -1 1
481.9637 107 1 -1 1
481.9819 461 1 -1 1
482.1637 107 1 -1 1
482.1819 461 1 -1 1
482.3637 107 1 -1 1
482.3819 461 1 -1 1
482.5819 461 1 -1 1
483.1813 1002 1 -1 1
483.3813 1002 1 -1 1
485.6169 738 1 -1 1
485.8169 738 1 -1 1
486.0169 738 1 -1 1
486.2169 738 1 -1 1
487.6740 1045 1 -1 1
487.7165 43 1 -1 1
488.1165 643 1 -1 1
488.3165 643 1 -1 1
489.0093 579 1 -1 1
489.2093 579 1 -1 1
489.4093 449 1 -1 1
489.4093 579 1 -1 1
489.6093 449 1 -1 1
489.8093 449 1 -1 1
489.9093 832 1 -1 1
490.0093 449 1 -1 1
490.1093 832 1 -1 1
490.2093 449 1 -1 1
490.3093 832 1 -1 1
490.3423 993 1 -1 1
490.5423 993 1 -1 1
490.6423 668 1 -1 1
490.7423 993 1 -1 1
490.8423 668 1 -1 1
491.5179 1036 1 -1 1
491.7460 870 1 -1 1
491.9460 870 1 -1 1
492.1460 870 1 -1 1
494.3424 1048 1 -1 1
494.4424 210 1 -1 1
494.6424 210 1 -1 1
494.8424 210 1 -1 1
495.0424 210 1 -1 1
495.1479 1047 1 -1 1
497.2209 1029 1 -1 1
497.4857 578 1 -1 1
497.6857 578 1 -1 1
497.8857 578 1 -1 1
498.1310 1048 1 -1 1
501.1092 420 1 -1 1
501.3092 420 1 -1 1
501.5092 420 1 -1 1
501.7845 420 1 -1 1
501.9845 420 1 -1 1
502.3888 231 1 -1 1
502.5888 231 1 -1 1
502.7888 231 1 -1 1
504.9544 992 1 -1 1
505.7406 655 1 -1 1
505.9406 655 1 -1 1
506.1406 655 1 -1 1
506.3406 655 1 -1 1
506.9654 1036 1 -1 1
507.2556 917 1 -1 1
507.4556 917 1 -1 1
507.4675 597 1 -1 1
507.6556 917 1 -1 1
507.6675 597 1 -1 1
508.1556 985 1 -1 1
508.3556 985 1 -1 1
508.5556 985 1 -1 1
509.0506 959 1 -1 1
509.2506 959 1 -1 1
509.3180 566 1 -1 1
509.3180 959 1 -1 1
509.4506 959 1 -1 1
509.5180 566 1 -1 1
509.5180 959 1 -1 1
509.7180 566 1 -1 1
509.9180 566 1 -1 1
510.2876 1035 1 -1 1
510.4876 1035 1 -1 1
511.0019 625 1 -1 1
511.2019 625 1 -1 1
511.4019 625 1 -1 1
512.5472 631 1 -1 1
512.7472 631 1 -1 1
512.9472 631 1 -1 1
513.1265 787 1 -1 1
513.3265 787 1 -1 1
513.5265 787 1 -1 1
513.6456 453 1 -1 1
513.8456 453 1 -1 1
515.4165 1028 1 -1 1
515.7883 1013 1 -1 1
515.9883 1013 1 -1 1
516.1883 1013 1 -1 1
516.2621 838 1 -1 1
516.2621 1013 1 -1 1
516.3883 1013 1 -1 1
516.4621 838 1 -1 1
516.6621 838 1 -1 1
516.8621 838 1 -1 1
517.0883 183 1 -1 1
517.2872 10 1 -1 1
517.3872 183 1 -1 1
517.4872 10 1 -1 1
517.5872 183 1 -1 1
517.6872 10 1 -1 1
518.2172 1048 1 -1 1
518.9515 740 1 -1 1
519.1515 740 1 -1 1
519.3515 740 1 -1 1
519.8958 824 1 -1 1
520.0958 824 1 -1 1
520.2958 824 1 -1 1
520.4958 824 1 -1 1
522.0133 978 1 -1 1
522.2197 978 1 -1 1
522.3197 286 1 -1 1
522.4197 978 1 -1 1
522.5197 286 1 -1 1
522.7197 286 1 -1 1
522.9197 286 1 -1 1
523.1197 286 1 -1 1
523.5175 525 1 -1 1
525.9550 1036 1 -1 1
526.2684 34 1 -1 1
526.4684 34 1 -1 1
526.6684 34 1 -1 1
527.7141 979 1 -1 1
527.9141 979 1 -1 1
527.9141 979 1 -1 1
529.3085 826 1 -1 1
529.5085 826 1 -1 1
529.7085 826 1 -1 1
532.9991 849 1 -1 1
533.1991 849 1 -1 1
533.3991 849 1 -1 1
533.5991 849 1 -1 1
536.2500 221 1 -1 1
536.4500 221 1 -1 1
536.6500 221 1 -1 1
539.9713 194 1 -1 1
540.1713 194 1 -1 1
540.3713 194 1 -1 1
540.5713 194 1 -1 1
540.7713 194 1 -1 1
541.1295 1013 1 -1 1
541.9175 1017 1 -1 1
542.1175 1017 1 -1 1
542.1175 1017 1 -1 1
542.6175 745 1 -1 1
542.8175 745 1 -1 1
543.0175 745 1 -1 1
543.3810 250 1 -1 1
543.5810 250 1 -1 1
543.6652 904 1 -1 1
543.7810 250 1 -1 1
543.8652 904 1 -1 1
544.1652 1042 1 -1 1
544.1907 31 1 -1 1
544.3907 31 1 -1 1
544.6907 31 1 -1 1
544.9907 31 1 -1 1
545.0841 1039 1 -1 1
545.0907 50 1 -1 1
545.1907 31 1 -1 1
545.2907 50 1 -1 1
545.4907 50 1 -1 1
545.6907 50 1 -1 1
546.1237 393 1 -1 1
546.2237 1045 1 -1 1
546.3237 393 1 -1 1
546.5237 817 1 -1 1
546.6237 393 1 -1 1
546.7237 817 1 -1 1
546.8237 393 1 -1 1
546.9237 817 1 -1 1
547.1237 945 1 -1 1
547.3237 945 1 -1 1
547.6237 862 1 -1 1
547.6237 944 1 -1 1
547.8237 862 1 -1 1
547.8237 944 1 -1 1
548.0237 862 1 -1 1
548.0237 944 1 -1 1
548.2237 862 1 -1 1
548.4237 862 1 -1 1
549.3464 217 1 -1 1
549.5464 217 1 -1 1
549.7464 217 1 -1 1
550.0580 934 1 -1 1
552.6834 1042 1 -1 1
554.1176 91 1 -1 1
554.1176 292 1 -1 1
554.3176 91 1 -1 1
554.3176 292 1 -1 1
554.5176 91 1 -1 1
554.5176 292 1 -1 1
554.7176 91 1 -1 1
554.7176 292 1 -1 1
558.1606 837 1 -1 1
558.3606 837 1 -1 1
558.5606 837 1 -1 1
559.4372 935 1 -1 1
559.6372 935 1 -1 1
559.7642 944 1 -1 1
559.8372 935 1 -1 1
559.9642 944 1 -1 1
559.9642 944 1 -1 1
560.0372 935 1 -1 1
560.1642 944 1 -1 1
561.1607 823 1 -1 1
561.3607 823 1 -1 1
561.5607 823 1 -1 1
561.7607 823 1 -1 1
562.1268 1012 1 -1 1
562.1268 1012 1 -1 1
562.3268 1012 1 -1 1
562.3268 1012 1 -1 1
562.5268 1012 1 -1 1
562.6862 330 1 -1 1
562.7268 1012 1 -1 1
562.8721 363 1 -1 1
562.8862 330 1 -1 1
563.0721 363 1 -1 1
563.1721 330 1 -1 1
563.2721 1016 1 -1 1
563.3721 330 1 -1 1
565.4162 182 1 -1 1
565.6162 182 1 -1 1
565.8162 182 1 -1 1
567.6115 963 1 -1 1
567.8115 963 1 -1 1
568.0115 963 1 -1 1
568.2115 963 1 -1 1
568.3715 666 1 -1 1
568.5715 666 1 -1 1
568.6115 156 1 -1 1
568.7715 666 1 -1 1
568.8115 156 1 -1 1
569.0115 156 1 -1 1
569.1115 374 1 -1 1
569.2115 156 1 -1 1
569.3115 374 1 -1 1
569.5115 374 1 -1 1
569.7115 374 1 -1 1
569.9115 374 1 -1 1
572.8810 134 1 -1 1
572.9810 87 1 -1 1
573.0810 134 1 -1 1
573.1810 87 1 -1 1
573.2810 134 1 -1 1
573.3810 87 1 -1 1
574.3742 777 1 -1 1
574.6611 777 1 -1 1
574.7611 1014 1 -1 1
574.9611 1014 1 -1 1
574.9921 1019 1 -1 1
575.1611 1014 1 -1 1
575.3611 1014 1 -1 1
575.9264 440 1 -1 1
576.1264 440 1 -1 1
576.3264 440 1 -1 1
576.5264 440 1 -1 1
577.0303 401 1 -1 1
577.2303 401 1 -1 1
577.4303 401 1 -1 1
578.2303 394 1 -1 1
578.4303 394 1 -1 1
578.5303 989 1 -1 1
578.6303 394 1 -1 1
578.7303 989 1 -1 1
580.4817 783 1 -1 1
580.6817 783 1 -1 1
581.8267 1037 1 -1 1
582.3111 20 1 -1 1
582.5111 20 1 -1 1
582.7111 20 1 -1 1
582.7173 414 1 -1 1
582.9173 414 1 -1 1
583.5016 567 1 -1 1
583.7016 567 1 -1 1
583.8016 37 1 -1 1
583.9016 567 1 -1 1
584.0016 37 1 -1 1
584.2016 37 1 -1 1
584.4016 37 1 -1 1
584.6016 37 1 -1 1
585.0933 813 1 -1 1
585.2933 813 1 -1 1
586.1410 128 1 -1 1
587.0250 791 1 -1 1
587.2250 791 1 -1 1
587.4250 791 1 -1 1
587.6250 791 1 -1 1
587.7124 1040 1 -1 1
588.8976 968 1 -1 1
589.0976 968 1 -1 1
589.2976 968 1 -1 1
589.4976 968 1 -1 1
591.6912 438 1 -1 1
591.8912 438 1 -1 1
592.0912 438 1 -1 1
592.2912 438 1 -1 1
593.7050 910 1 -1 1
593.9050 910 1 -1 1
594.0050 1024 1 -1 1
594.1050 910 1 -1 1
594.2050 1024 1 -1 1
594.2722 1024 1 -1 1
594.3050 910 1 -1 1
594.3722 512 1 -1 1
594.5050 910 1 -1 1
594.5722 512 1 -1 1
594.7722 512 1 -1 1
594.9722 512 1 -1 1
595.1722 512 1 -1 1
599.1822 1048 1 -1 1
599.3010 1030 1 -1 1
599.3135 1048 1 -1 1
600.1799 835 1 -1 1
600.3799 835 1 -1 1
600.5799 835 1 -1 1
602.0805 54 1 -1 1
602.2805 54 1 -1 1
603.5135 498 1 -1 1
603.6935 382 1 -1 1
603.7935 498 1 -1 1
603.8935 382 1 -1 1
603.9935 498 1 -1 1
604.1141 382 1 -1 1
604.4141 982 1 -1 1
604.6141 982 1 -1 1
604.6141 982 1 -1 1
607.1881 1047 1 -1 1
607.7425 1022 1 -1 1
607.9425 1022 1 -1 1
608.0425 268 1 -1 1
608.1425 1022 1 -1 1
608.2425 268 1 -1 1
608.3425 1022 1 -1 1
611.0877 892 1 -1 1
611.2877 892 1 -1 1
611.4877 892 1 -1 1
611.6877 892 1 -1 1
612.0635 746 1 -1 1
612.2635 746 1 -1 1
612.3635 1002 1 -1 1
612.4635 746 1 -1 1
612.5635 1002 1 -1 1
612.6884 1002 1 -1 1
612.7635 1002 1 -1 1
612.8884 1002 1 -1 1
613.0884 1002 1 -1 1
615.2908 1022 1 -1 1
615.7419 1046 1 -1 1
615.8917 975 1 -1 1
616.5701 1003 1 -1 1
616.7701 1003 1 -1 1
616.7701 1003 1 -1 1
617.9251 557 1 -1 1
618.1251 557 1 -1 1
618.3251 557 1 -1 1
618.5251 557 1 -1 1
618.7251 557 1 -1 1
621.4480 1045 1 -1 1
622.2431 636 1 -1 1
622.4431 636 1 -1 1
622.6431 636 1 -1 1
622.8431 636 1 -1 1
623.0431 636 1 -1 1
623.1989 1025 1 -1 1
623.4757 316 1 -1 1
623.6757 316 1 -1 1
623.6910 195 1 -1 1
623.8910 195 1 -1 1
624.0910 195 1 -1 1
626.1916 460 1 -1 1
626.3916 460 1 -1 1
626.5916 460 1 -1 1
631.9114 997 1 -1 1
633.8415 965 1 -1 1
634.0278 1036 1 -1 1
634.0415 965 1 -1 1
634.2415 965 1 -1 1
634.5095 1024 1 -1 1
635.5776 985 1 -1 1
635.7776 985 1 -1 1
635.7776 985 1 -1 1
635.8776 111 1 -1 1
636.0776 111 1 -1 1
637.1776 146 1 -1 1
637.1823 852 1 -1 1
637.3776 146 1 -1 1
637.3823 852 1 -1 1
637.5776 146 1 -1 1
637.5823 852 1 -1 1
637.7823 852 1 -1 1
637.7862 519 1 -1 1
637.9823 852 1 -1 1
637.9862 519 1 -1 1
638.6862 379 1 -1 1
638.7862 999 1 -1 1
638.8862 379 1 -1 1
638.9862 999 1 -1 1
639.7862 884 1 -1 1
639.9862 884 1 -1 1
640.1862 884 1 -1 1
640.3862 884 1 -1 1
641.5449 55 1 -1 1
641.7449 55 1 -1 1
641.9449 55 1 -1 1
642.6403 223 1 -1 1
642.8403 223 1 -1 1
643.0403 223 1 -1 1
643.2080 1026 1 -1 1
645.8359 1038 1 -1 1
646.1359 1010 1 -1 1
646.1365 799 1 -1 1
646.4359 1010 1 -1 1
647.2618 9 1 -1 1
647.3431 428 1 -1 1
647.4618 9 1 -1 1
647.5431 428 1 -1 1
647.7431 428 1 -1 1
648.0840 1009 1 -1 1
648.2840 1009 1 -1 1
648.2840 1009 1 -1 1
648.4840 1009 1 -1 1
650.1641 673 1 -1 1
650.3641 673 1 -1 1
650.5641 673 1 -1 1
650.7641 673 1 -1 1
653.4941 998 1 -1 1
653.9941 998 1 -1 1
654.1941 998 1 -1 1
654.6332 356 1 -1 1
654.8332 356 1 -1 1
655.0332 356 1 -1 1
657.9683 1033 1 -1 1
660.0144 277 1 -1 1
660.2144 277 1 -1 1
660.4144 277 1 -1 1
661.0280 607 1 -1 1
661.2280 607 1 -1 1
661.2539 1048 1 -1 1
661.4280 607 1 -1 1
661.6280 607 1 -1 1
661.9879 1038 1 -1 1
661.9937 1046 1 -1 1
663.0858 1045 1 -1 1
664.6347 971 1 -1 1
664.8347 971 1 -1 1
665.7792 415 1 -1 1
665.9792 415 1 -1 1
666.1792 415 1 -1 1
667.7332 443 1 -1 1
667.9332 443 1 -1 1
668.0505 257 1 -1 1
668.2505 443 1 -1 1
668.2505 257 1 -1 1
668.4505 443 1 -1 1
670.2689 271 1 -1 1
670.4689 271 1 -1 1
670.7689 696 1 -1 1
670.9689 696 1 -1 1
671.1689 696 1 -1 1
671.6785 85 1 -1 1
671.8785 85 1 -1 1
673.4940 716 1 -1 1
673.6940 716 1 -1 1
673.8940 716 1 -1 1
674.0940 716 1 -1 1
676.2905 1035 1 -1 1
676.3396 873 1 -1 1
676.5396 873 1 -1 1
676.7396 873 1 -1 1
676.9396 873 1 -1 1
677.1106 412 1 -1 1
677.3106 412 1 -1 1
677.5106 412 1 -1 1
678.5378 314 1 -1 1
678.6273 273 1 -1 1
678.7378 314 1 -1 1
678.8273 273 1 -1 1
678.9989 877 1 -1 1
679.1165 273 1 -1 1
679.1989 877 1 -1 1
679.3165 273 1 -1 1
679.4165 1030 1 -1 1
679.6165 1030 1 -1 1
679.8989 1030 1 -1 1
680.0989 1030 1 -1 1
680.0989 1030 1 -1 1
682.2165 357 1 -1 1
682.4165 357 1 -1 1
682.6165 357 1 -1 1
683.8709 1011 1 -1 1
683.9379 905 1 -1 1
684.0709 1011 1 -1 1
684.1379 905 1 -1 1
684.2379 1011 1 -1 1
684.3379 905 1 -1 1
684.9379 958 1 -1 1
685.2379 658 1 -1 1
685.4379 658 1 -1 1
685.5379 987 1 -1 1
685.6379 658 1 -1 1
685.7379 987 1 -1 1
686.0379 987 1 -1 1
686.1379 987 1 -1 1
686.2379 987 1 -1 1
686.3379 987 1 -1 1
686.6630 458 1 -1 1
686.8630 458 1 -1 1
688.5729 980 1 -1 1
688.7729 980 1 -1 1
688.9729 980 1 -1 1
691.9228 789 1 -1 1
692.1228 789 1 -1 1
692.3228 789 1 -1 1
692.4095 1023 1 -1 1
692.5228 789 1 -1 1
692.5679 774 1 -1 1
692.7679 774 1 -1 1
693.9733 946 1 -1 1
694.4113 1026 1 -1 1
694.6113 1026 1 -1 1
694.6753 1026 1 -1 1
694.7753 133 1 -1 1
694.8753 1043 1 -1 1
694.9753 133 1 -1 1
697.5666 994 1 -1 1
697.7666 994 1 -1 1
698.8380 1048 1 -1 1
699.3888 620 1 -1 1
699.5888 620 1 -1 1
699.5888 559 1 -1 1
699.7888 620 1 -1 1
699.7888 559 1 -1 1
699.9888 620 1 -1 1
700.3418 102 1 -1 1
700.5418 102 1 -1 1
700.7418 102 1 -1 1
700.9418 102 1 -1 1
701.1418 102 1 -1 1
702.1845 1012 1 -1 1
704.2987 1018 1 -1 1
705.0198 614 1 -1 1
705.2198 614 1 -1 1
705.2360 1035 1 -1 1
705.4198 614 1 -1 1
705.7198 56 1 -1 1
705.9198 56 1 -1 1
706.1198 56 1 -1 1
706.3904 56 1 -1 1
706.4904 122 1 -1 1
706.5904 56 1 -1 1
706.6904 122 1 -1 1
706.8904 122 1 -1 1
707.0855 1037 1 -1 1
707.0904 122 1 -1 1
707.2904 122 1 -1 1
707.5904 675 1 -1 1
707.7904 675 1 -1 1
707.9904 675 1 -1 1
709.5834 1048 1 -1 1
709.9673 995 1 -1 1
710.1673 549 1 -1 1
710.3673 549 1 -1 1
710.5673 549 1 -1 1
710.7702 549 1 -1 1
710.9702 549 1 -1 1
711.0418 761 1 -1 1
711.2418 761 1 -1 1
711.4418 761 1 -1 1
711.5418 842 1 -1 1
711.6418 761 1 -1 1
711.7418 842 1 -1 1
711.8418 1041 1 -1 1
711.9418 842 1 -1 1
712.2418 205 1 -1 1
712.4418 205 1 -1 1
713.1138 942 1 -1 1
713.4772 45 1 -1 1
713.4825 317 1 -1 1
713.6772 45 1 -1 1
713.6825 317 1 -1 1
713.8772 45 1 -1 1
713.8825 317 1 -1 1
715.8276 228 1 -1 1
716.0841 343 1 -1 1
716.1841 966 1 -1 1
716.2841 228 1 -1 1
716.2841 343 1 -1 1
716.4276 966 1 -1 1
716.4841 343 1 -1 1
716.5276 228 1 -1 1
716.6276 535 1 -1 1
716.7841 966 1 -1 1
716.8276 807 1 -1 1
716.9841 966 1 -1 1
717.0276 807 1 -1 1
717.8684 159 1 -1 1
719.4038 708 1 -1 1
719.4477 977 1 -1 1
719.6038 708 1 -1 1
719.6477 977 1 -1 1
719.7934 588 1 -1 1
719.8477 708 1 -1 1
719.8934 977 1 -1 1
719.9934 588 1 -1 1
720.0477 708 1 -1 1
720.0934 977 1 -1 1
720.1934 588 1 -1 1
720.3934 588 1 -1 1
721.6914 16 1 -1 1
721.8914 16 1 -1 1
722.0914 16 1 -1 1
722.7915 1039 1 -1 1
723.0718 76 1 -1 1
723.2718 76 1 -1 1
724.4456 969 1 -1 1
724.6456 969 1 -1 1
724.8456 969 1 -1 1
724.8859 947 1 -1 1
724.8859 947 1 -1 1
725.0456 969 1 -1 1
725.0859 947 1 -1 1
725.0859 947 1 -1 1
725.2859 947 1 -1 1
730.2291 995 1 -1 1
731.7672 1036 1 -1 1
732.1428 469 1 -1 1
732.3428 469 1 -1 1
733.1738 758 1 -1 1
733.3738 758 1 -1 1
734.0738 966 1 -1 1
734.2738 966 1 -1 1
734.6738 966 1 -1 1
734.8738 966 1 -1 1
735.0738 966 1 -1 1
736.2831 950 1 -1 1
736.4831 950 1 -1 1
737.0831 950 1 -1 1
737.3461 950 1 -1 1
737.3831 677 1 -1 1
737.5461 950 1 -1 1
737.5831 677 1 -1 1
737.7831 677 1 -1 1
740.6770 1001 1 -1 1
740.6770 782 1 -1 1
740.8770 1001 1 -1 1
740.8770 782 1 -1 1
740.8770 999 1 -1 1
741.0770 1001 1 -1 1
741.0770 782 1 -1 1
741.2770 1001 1 -1 1
742.3033 970 1 -1 1
743.9158 119 1 -1 1
744.1158 119 1 -1 1
744.3158 119 1 -1 1
744.5158 119 1 -1 1
745.2706 1001 1 -1 1
745.4706 1001 1 -1 1
745.6706 1001 1 -1 1
745.6706 1001 1 -1 1
745.8706 1001 1 -1 1
746.1450 276 1 -1 1
746.3450 276 1 -1 1
746.8450 489 1 -1 1
747.0450 489 1 -1 1
747.2450 489 1 -1 1
747.4450 489 1 -1 1
747.6450 739 1 -1 1
747.8450 339 1 -1 1
747.8450 739 1 -1 1
748.0450 339 1 -1 1
748.0450 739 1 -1 1
748.2450 339 1 -1 1
748.2450 739 1 -1 1
748.4450 339 1 -1 1
751.0097 958 1 -1 1
751.1097 958 1 -1 1
751.2097 958 1 -1 1
751.3097 958 1 -1 1
751.3097 804 1 -1 1
751.4097 958 1 -1 1
751.5097 958 1 -1 1
751.5097 804 1 -1 1
751.6097 1022 1 -1 1
751.7097 804 1 -1 1
753.4154 521 1 -1 1
753.6154 521 1 -1 1
753.7227 1042 1 -1 1
753.8154 521 1 -1 1
754.0154 521 1 -1 1
754.2154 521 1 -1 1
754.4027 649 1 -1 1
754.6027 649 1 -1 1
756.9143 66 1 -1 1
757.1143 66 1 -1 1
757.3143 66 1 -1 1
757.8143 425 1 -1 1
758.0143 425 1 -1 1
758.1143 500 1 -1 1
758.2143 425 1 -1 1
758.3143 500 1 -1 1
758.3143 1040 1 -1 1
758.5143 500 1 -1 1
758.7143 500 1 -1 1
758.7334 1044 1 -1 1
760.5755 1020 1 -1 1
761.0044 957 1 -1 1
761.2044 957 1 -1 1
761.4044 370 1 -1 1
761.4044 957 1 -1 1
761.6044 370 1 -1 1
761.6044 957 1 -1 1
761.8044 370 1 -1 1
762.0044 370 1 -1 1
762.2044 370 1 -1 1
762.6176 964 1 -1 1
764.1097 811 1 -1 1
764.3097 811 1 -1 1
764.5097 811 1 -1 1
765.0097 165 1 -1 1
765.1097 181 1 -1 1
765.2097 165 1 -1 1
765.3097 181 1 -1 1
765.6097 181 1 -1 1
765.8097 181 1 -1 1
766.0097 181 1 -1 1
766.1097 174 1 -1 1
766.3097 174 1 -1 1
766.5097 174 1 -1 1
766.6826 690 1 -1 1
766.8826 690 1 -1 1
767.0826 690 1 -1 1
767.3826 730 1 -1 1
767.5826 730 1 -1 1
768.3461 1048 1 -1 1
768.4493 963 1 -1 1
771.9192 1048 1 -1 1
773.3852 735 1 -1 1
773.5852 735 1 -1 1
775.5428 928 1 -1 1
775.7428 928 1 -1 1
775.9428 928 1 -1 1
776.1428 928 1 -1 1
776.4911 1037 1 -1 1
779.2018 926 1 -1 1
779.4018 926 1 -1 1
779.7018 926 1 -1 1
779.9018 926 1 -1 1
780.2323 1004 1 -1 1
780.3323 529 1 -1 1
780.4323 1004 1 -1 1
780.5323 529 1 -1 1
780.6323 1004 1 -1 1
780.8323 1004 1 -1 1
783.2888 302 1 -1 1
783.4888 302 1 -1 1
783.6888 302 1 -1 1
783.8888 302 1 -1 1
783.9034 749 1 -1 1
784.1034 749 1 -1 1
785.4648 253 1 -1 1
785.6648 253 1 -1 1
785.8648 253 1 -1 1
786.3407 976 1 -1 1
786.4407 1039 1 -1 1
788.6370 218 1 -1 1
788.9370 301 1 -1 1
789.1370 301 1 -1 1
789.4063 301 1 -1 1
789.6063 301 1 -1 1
789.8063 301 1 -1 1
790.3063 803 1 -1 1
790.3557 727 1 -1 1
790.5063 803 1 -1 1
790.5557 727 1 -1 1
790.7063 803 1 -1 1
790.7557 727 1 -1 1
790.9063 803 1 -1 1
790.9557 727 1 -1 1
791.1063 803 1 -1 1
791.1557 727 1 -1 1
791.5458 990 1 -1 1
791.7458 990 1 -1 1
791.7464 990 1 -1 1
791.9458 990 1 -1 1
791.9464 990 1 -1 1
792.0464 265 1 -1 1
792.2464 265 1 -1 1
792.4464 265 1 -1 1
794.5372 808 1 -1 1
794.7372 808 1 -1 1
794.8372 721 1 -1 1
794.9372 1028 1 -1 1
794.9372 808 1 -1 1
795.0372 721 1 -1 1
795.2372 721 1 -1 1
795.4372 721 1 -1 1
796.3192 1033 1 -1 1
796.8168 938 1 -1 1
797.0168 938 1 -1 1
797.2903 1042 1 -1 1
797.4168 386 1 -1 1
797.6168 386 1 -1 1
797.8168 386 1 -1 1
800.4521 973 1 -1 1
800.6521 973 1 -1 1
800.8521 973 1 -1 1
801.0521 973 1 -1 1
801.0602 1033 1 -1 1
801.1521 880 1 -1 1
801.3521 880 1 -1 1
801.5521 880 1 -1 1
801.7521 880 1 -1 1
806.3523 691 1 -1 1
806.5523 691 1 -1 1
806.7523 691 1 -1 1
808.1988 359 1 -1 1
808.3988 359 1 -1 1
808.5988 359 1 -1 1
808.7988 359 1 -1 1
808.9988 359 1 -1 1
809.4816 974 1 -1 1
809.5816 714 1 -1 1
809.7816 714 1 -1 1
809.9816 714 1 -1 1
810.1816 714 1 -1 1
810.2487 663 1 -1 1
810.9296 810 1 -1 1
811.1296 810 1 -1 1
811.3296 810 1 -1 1
811.5296 810 1 -1 1
811.9349 191 1 -1 1
812.0349 424 1 -1 1
812.1349 191 1 -1 1
812.2349 424 1 -1 1
812.3349 191 1 -1 1
812.4349 424 1 -1 1
812.6349 424 1 -1 1
813.3044 86 1 -1 1
813.3044 291 1 -1 1
813.5044 291 1 -1 1
813.5506 86 1 -1 1
813.7506 86 1 -1 1
813.8044 421 1 -1 1
813.9506 86 1 -1 1
814.0044 421 1 -1 1
814.2044 421 1 -1 1
815.4424 712 1 -1 1
815.6424 712 1 -1 1
815.7424 927 1 -1 1
815.9511 1009 1 -1 1
817.4103 1031 1 -1 1
818.0546 503 1 -1 1
818.2546 913 1 -1 1
818.3546 503 1 -1 1
818.4546 913 1 -1 1
818.5546 503 1 -1 1
818.6546 913 1 -1 1
818.8546 913 1 -1 1
818.8991 1032 1 -1 1
819.1018 166 1 -1 1
819.3018 166 1 -1 1
819.5018 861 1 -1 1
819.5018 166 1 -1 1
819.6018 652 1 -1 1
819.7018 861 1 -1 1
819.8018 652 1 -1 1
819.9018 861 1 -1 1
820.1018 861 1 -1 1
820.4018 1034 1 -1 1
822.8655 1041 1 -1 1
823.2499 1040 1 -1 1
824.2065 635 1 -1 1
824.4065 635 1 -1 1
824.6065 635 1 -1 1
824.8065 635 1 -1 1
828.2925 1023 1 -1 1
828.4787 815 1 -1 1
828.6787 815 1 -1 1
828.8787 815 1 -1 1
829.0402 173 1 -1 1
829.0787 815 1 -1 1
829.2402 173 1 -1 1
829.2787 815 1 -1 1
829.9402 850 1 -1 1
830.1402 850 1 -1 1
830.3402 850 1 -1 1
830.5402 850 1 -1 1
830.7402 850 1 -1 1
831.4316 977 1 -1 1
831.6316 977 1 -1 1
836.2674 471 1 -1 1
836.4674 471 1 -1 1
837.3713 609 1 -1 1
837.5713 609 1 -1 1
838.4280 1006 1 -1 1
839.4746 886 1 -1 1
839.6746 886 1 -1 1
839.8746 886 1 -1 1
840.0746 886 1 -1 1
841.3489 1037 1 -1 1
841.7383 504 1 -1 1
841.9383 504 1 -1 1
842.1383 504 1 -1 1
842.3383 504 1 -1 1
842.5383 504 1 -1 1
842.6253 858 1 -1 1
842.8253 858 1 -1 1
843.0253 858 1 -1 1
843.2253 858 1 -1 1
844.4223 132 1 -1 1
844.6223 132 1 -1 1
844.8223 132 1 -1 1
845.0223 132 1 -1 1
845.2223 132 1 -1 1
845.8232 993 1 -1 1
845.8232 993 1 -1 1
846.0232 993 1 -1 1
846.0232 993 1 -1 1
846.2232 993 1 -1 1
846.4232 993 1 -1 1
846.9553 439 1 -1 1
847.0553 949 1 -1 1
847.1553 439 1 -1 1
847.3553 439 1 -1 1
847.4553 765 1 -1 1
847.5553 439 1 -1 1
847.6553 765 1 -1 1
847.7553 439 1 -1 1
847.8553 765 1 -1 1
848.0553 765 1 -1 1
848.2553 765 1 -1 1
849.0752 470 1 -1 1
849.2752 470 1 -1 1
849.3329 309 1 -1 1
849.3752 942 1 -1 1
849.4752 942 1 -1 1
849.5752 942 1 -1 1
849.5979 309 1 -1 1
849.6752 942 1 -1 1
849.7752 942 1 -1 1
849.7979 309 1 -1 1
849.9752 942 1 -1 1
851.1655 1047 1 -1 1
852.0025 32 1 -1 1
852.2025 32 1 -1 1
852.4025 32 1 -1 1
853.0382 945 1 -1 1
853.2382 945 1 -1 1
853.4382 945 1 -1 1
853.4382 945 1 -1 1
853.6382 945 1 -1 1
853.8382 945 1 -1 1
856.3349 484 1 -1 1
856.5349 484 1 -1 1
856.6428 1046 1 -1 1
856.7349 484 1 -1 1
856.9349 484 1 -1 1
857.4531 864 1 -1 1
857.6531 864 1 -1 1
858.3151 1045 1 -1 1
858.3531 979 1 -1 1
858.3531 979 1 -1 1
858.5531 979 1 -1 1
858.5531 979 1 -1 1
858.7531 979 1 -1 1
859.7472 203 1 -1 1
859.9379 1040 1 -1 1
859.9472 203 1 -1 1
860.2379 203 1 -1 1
861.0246 1025 1 -1 1
861.7983 956 1 -1 1
861.9983 956 1 -1 1
862.0983 956 1 -1 1
862.1983 956 1 -1 1
862.3983 956 1 -1 1
863.4993 524 1 -1 1
863.6993 524 1 -1 1
863.8993 524 1 -1 1
864.0993 524 1 -1 1
864.2366 943 1 -1 1
864.2993 524 1 -1 1
864.4366 943 1 -1 1
864.6366 943 1 -1 1
864.7366 288 1 -1 1
864.8366 943 1 -1 1
864.9366 288 1 -1 1
865.1748 222 1 -1 1
865.3748 222 1 -1 1
865.5748 222 1 -1 1
865.7748 222 1 -1 1
866.2758 263 1 -1 1
866.3758 939 1 -1 1
866.4758 263 1 -1 1
866.5758 939 1 -1 1
866.6758 263 1 -1 1
866.7758 939 1 -1 1
866.8758 263 1 -1 1
866.9758 939 1 -1 1
867.0758 263 1 -1 1
867.6708 1045 1 -1 1
871.1313 127 1 -1 1
871.3313 127 1 -1 1
871.5313 127 1 -1 1
872.2673 943 1 -1 1
872.5673 943 1 -1 1
875.4038 75 1 -1 1
875.6038 75 1 -1 1
875.8038 75 1 -1 1
879.7598 814 1 -1 1
879.9598 814 1 -1 1
880.1598 814 1 -1 1
880.3598 814 1 -1 1
880.5598 814 1 -1 1
880.9268 1021 1 -1 1
882.3995 619 1 -1 1
882.5995 619 1 -1 1
882.7995 619 1 -1 1
882.8612 1027 1 -1 1
882.9995 619 1 -1 1
883.1995 619 1 -1 1
885.0244 743 1 -1 1
885.2244 743 1 -1 1
885.4244 743 1 -1 1
886.8985 928 1 -1 1
887.0985 928 1 -1 1
887.0985 928 1 -1 1
887.2985 928 1 -1 1
887.9246 1042 1 -1 1
889.1628 465 1 -1 1
889.3628 465 1 -1 1
889.5628 465 1 -1 1
890.4076 1034 1 -1 1
890.6076 1034 1 -1 1
890.6076 1034 1 -1 1
890.8076 1034 1 -1 1
893.0683 219 1 -1 1
893.2683 219 1 -1 1
893.4716 219 1 -1 1
893.5716 1014 1 -1 1
893.6716 219 1 -1 1
893.7716 1014 1 -1 1
893.7716 1014 1 -1 1
893.7716 1014 1 -1 1
895.0992 1027 1 -1 1
895.2992 1027 1 -1 1
895.2992 1027 1 -1 1
895.4992 1027 1 -1 1
895.4992 1027 1 -1 1
896.9075 258 1 -1 1
898.5592 1019 1 -1 1
898.8592 770 1 -1 1
899.0592 770 1 -1 1
899.2592 770 1 -1 1
900.7770 1026 1 -1 1
900.9770 1026 1 -1 1
900.9770 1026 1 -1 1
901.8500 553 1 -1 1
903.2969 941 1 -1 1
903.4969 941 1 -1 1
903.8969 941 1 -1 1
904.0969 941 1 -1 1
904.2969 941 1 -1 1
905.1719 83 1 -1 1
905.3719 83 1 -1 1
905.5719 83 1 -1 1
906.0606 1023 1 -1 1
906.1719 192 1 -1 1
906.3719 192 1 -1 1
906.5719 192 1 -1 1
906.9424 1041 1 -1 1
907.2932 1047 1 -1 1
913.3837 982 1 -1 1
915.1218 306 1 -1 1
915.3218 306 1 -1 1
915.4025 986 1 -1 1
915.5218 306 1 -1 1
915.5944 1033 1 -1 1
915.7218 306 1 -1 1
915.9218 306 1 -1 1
916.2449 962 1 -1 1
916.4449 962 1 -1 1
916.4449 962 1 -1 1
916.6449 962 1 -1 1
917.8032 368 1 -1 1
917.9032 760 1 -1 1
918.0032 368 1 -1 1
918.0554 894 1 -1 1
918.1032 760 1 -1 1
918.1680 941 1 -1 1
918.2032 368 1 -1 1
918.2554 894 1 -1 1
918.3554 760 1 -1 1
918.5554 760 1 -1 1
918.5554 368 1 -1 1
918.7554 760 1 -1 1
918.7554 184 1 -1 1
918.9554 184 1 -1 1
919.0554 683 1 -1 1
919.1554 184 1 -1 1
919.1554 615 1 -1 1
919.2554 683 1 -1 1
919.3554 615 1 -1 1
919.4554 683 1 -1 1
919.5554 615 1 -1 1
919.8554 275 1 -1 1
920.0554 275 1 -1 1
920.2554 275 1 -1 1
920.4554 275 1 -1 1
921.5964 0 1 -1 1
921.7892 775 1 -1 1
921.9892 775 1 -1 1
922.2788 775 1 -1 1
922.4732 416 1 -1 1
922.4788 775 1 -1 1
922.6732 416 1 -1 1
922.6788 1007 1 -1 1
922.7788 734 1 -1 1
922.8732 416 1 -1 1
922.9788 734 1 -1 1
923.0732 416 1 -1 1
923.2732 416 1 -1 1
923.2732 734 1 -1 1
923.4732 734 1 -1 1
923.7319 1020 1 -1 1
923.9319 1020 1 -1 1
923.9319 1020 1 -1 1
923.9319 71 1 -1 1
924.1319 1020 1 -1 1
924.1319 71 1 -1 1
924.3319 71 1 -1 1
924.4319 1044 1 -1 1
924.5319 71 1 -1 1
925.4718 137 1 -1 1
925.6718 137 1 -1 1
925.8718 137 1 -1 1
926.4867 986 1 -1 1
927.5324 249 1 -1 1
927.7324 249 1 -1 1
927.9324 249 1 -1 1
928.1324 249 1 -1 1
928.3324 249 1 -1 1
929.4745 939 1 -1 1
929.6745 939 1 -1 1
929.6745 939 1 -1 1
929.8745 939 1 -1 1
929.9340 939 1 -1 1
930.2349 1046 1 -1 1
931.0340 563 1 -1 1
931.2340 563 1 -1 1
931.4340 563 1 -1 1
931.6340 563 1 -1 1
931.8340 563 1 -1 1
933.0554 81 1 -1 1
933.2554 81 1 -1 1
933.4554 81 1 -1 1
933.6554 81 1 -1 1
936.0172 1040 1 -1 1
936.8947 198 1 -1 1
937.0947 198 1 -1 1
937.2947 198 1 -1 1
938.3994 297 1 -1 1
938.5994 297 1 -1 1
938.7994 297 1 -1 1
939.2021 1047 1 -1 1
939.6937 485 1 -1 1
939.9546 955 1 -1 1
940.1546 955 1 -1 1
940.1546 763 1 -1 1
940.2491 940 1 -1 1
940.3546 955 1 -1 1
940.3546 763 1 -1 1
940.5546 763 1 -1 1
940.7546 763 1 -1 1
941.8228 487 1 -1 1
942.0228 487 1 -1 1
942.2228 487 1 -1 1
942.4228 487 1 -1 1
942.8875 933 1 -1 1
943.0875 933 1 -1 1
944.5290 1048 1 -1 1
946.4071 49 1 -1 1
946.6071 49 1 -1 1
947.3905 256 1 -1 1
947.5905 256 1 -1 1
947.7905 256 1 -1 1
947.8905 759 1 -1 1
948.0905 759 1 -1 1
948.5873 483 1 -1 1
948.6068 671 1 -1 1
948.7186 551 1 -1 1
948.7873 483 1 -1 1
948.8873 671 1 -1 1
948.9186 551 1 -1 1
949.0873 483 1 -1 1
949.1873 671 1 -1 1
949.2873 483 1 -1 1
949.3873 671 1 -1 1
949.8262 998 1 -1 1
950.3684 1044 1 -1 1
950.4887 1017 1 -1 1
950.8348 155 1 -1 1
951.0348 155 1 -1 1
951.2348 155 1 -1 1
951.6649 1031 1 -1 1
954.1031 969 1 -1 1
954.1031 822 1 -1 1
954.3031 822 1 -1 1
954.5031 822 1 -1 1
957.2158 18 1 -1 1
958.5190 796 1 -1 1
958.7190 796 1 -1 1
958.9190 796 1 -1 1
959.1190 796 1 -1 1
960.5535 685 1 -1 1
960.7785 685 1 -1 1
961.0785 362 1 -1 1
961.2785 362 1 -1 1
962.4995 589 1 -1 1
962.5995 955 1 -1 1
962.6995 589 1 -1 1
962.7995 955 1 -1 1
962.8995 589 1 -1 1
963.0894 955 1 -1 1
963.0995 123 1 -1 1
963.2894 955 1 -1 1
963.2995 123 1 -1 1
963.3373 589 1 -1 1
963.4373 955 1 -1 1
963.4894 952 1 -1 1
963.4995 123 1 -1 1
963.5373 589 1 -1 1
963.5373 397 1 -1 1
963.6373 955 1 -1 1
963.6995 123 1 -1 1
963.7373 952 1 -1 1
963.7373 397 1 -1 1
963.9373 952 1 -1 1
963.9373 397 1 -1 1
964.1373 952 1 -1 1
967.9621 33 1 -1 1
968.1621 33 1 -1 1
968.3621 33 1 -1 1
968.5621 33 1 -1 1
968.7621 33 1 -1 1
969.1353 1039 1 -1 1
969.3059 341 1 -1 1
969.5059 341 1 -1 1
969.7059 341 1 -1 1
969.8059 1015 1 -1 1
970.0059 1015 1 -1 1
970.2059 1015 1 -1 1
970.2059 1015 1 -1 1
970.4059 1015 1 -1 1
970.5059 492 1 -1 1
970.6059 1015 1 -1 1
970.7059 492 1 -1 1
970.9059 492 1 -1 1
973.3558 819 1 -1 1
973.5558 819 1 -1 1
974.6486 1044 1 -1 1
975.8133 1037 1 -1 1
975.8366 925 1 -1 1
978.5505 378 1 -1 1
978.7505 378 1 -1 1
980.9219 35 1 -1 1
981.0219 1048 1 -1 1
981.1219 35 1 -1 1
981.3219 35 1 -1 1
981.5219 35 1 -1 1
981.7219 35 1 -1 1
982.4512 1047 1 -1 1
982.9512 193 1 -1 1
983.1512 193 1 -1 1
983.3512 193 1 -1 1
984.4949 151 1 -1 1
984.6949 151 1 -1 1
984.8949 151 1 -1 1
985.0949 151 1 -1 1
986.3013 499 1 -1 1
986.3331 967 1 -1 1
986.5013 499 1 -1 1
986.5331 967 1 -1 1
986.8267 1045 1 -1 1
988.9900 548 1 -1 1
989.1900 548 1 -1 1
989.3900 548 1 -1 1
989.5794 985 1 -1 1
989.5900 548 1 -1 1
989.6948 1043 1 -1 1
992.2066 112 1 -1 1
992.4066 112 1 -1 1
992.6066 112 1 -1 1
992.8066 112 1 -1 1
993.5980 400 1 -1 1
993.6359 1018 1 -1 1
993.7980 400 1 -1 1
993.9980 400 1 -1 1
994.1980 400 1 -1 1
994.3980 400 1 -1 1
995.7649 888 1 -1 1
995.8993 418 1 -1 1
996.0993 418 1 -1 1
996.2993 418 1 -1 1
996.4993 418 1 -1 1
997.2437 399 1 -1 1
997.4437 399 1 -1 1
997.6437 399 1 -1 1
997.8437 399 1 -1 1
998.5231 709 1 -1 1
998.7231 709 1 -1 1
998.9231 709 1 -1 1
999.7823 978 1 -1 1
999.9823 978 1 -1 1
999.9823 978 1 -1 1
1,000.1823 978 1 -1 1
1,000.1823 978 1 -1 1
1,000.3231 185 1 -1 1
1,000.5231 185 1 -1 1
1,000.7231 237 1 -1 1
1,000.9231 237 1 -1 1
1,001.1231 237 1 -1 1
1,001.3231 237 1 -1 1
1,001.5231 237 1 -1 1
1,001.7935 351 1 -1 1
1,001.9935 351 1 -1 1
1,002.1935 351 1 -1 1
1,002.3935 351 1 -1 1
1,005.3024 396 1 -1 1
1,007.3318 984 1 -1 1
1,007.4117 1045 1 -1 1
1,007.5318 984 1 -1 1
1,007.7318 984 1 -1 1
1,007.9318 984 1 -1 1
1,008.2318 882 1 -1 1
1,008.4318 882 1 -1 1
1,008.6318 882 1 -1 1
1,009.2138 431 1 -1 1
1,009.4138 431 1 -1 1
1,009.5423 935 1 -1 1
1,009.6138 431 1 -1 1
1,009.7423 935 1 -1 1
1,009.8138 431 1 -1 1
1,010.0138 431 1 -1 1
1,010.1423 935 1 -1 1
1,010.3423 935 1 -1 1
1,010.5074 834 1 -1 1
1,010.5423 935 1 -1 1
1,010.7074 834 1 -1 1
1,010.9074 834 1 -1 1
1,015.2179 600 1 -1 1
1,015.4179 600 1 -1 1
1,015.6179 600 1 -1 1
1,015.8179 600 1 -1 1
1,016.5970 354 1 -1 1
1,016.7044 903 1 -1 1
1,016.7949 584 1 -1 1
1,016.7970 354 1 -1 1
1,016.8044 1044 1 -1 1
1,016.9044 903 1 -1 1
1,016.9949 584 1 -1 1
1,017.1044 903 1 -1 1
1,018.3042 974 1 -1 1
1,018.5042 974 1 -1 1
1,018.6042 974 1 -1 1
1,018.7042 974 1 -1 1
1,018.8042 974 1 -1 1
1,019.0042 974 1 -1 1
1,019.1738 522 1 -1 1
1,019.3738 522 1 -1 1
1,019.5738 522 1 -1 1
1,019.7738 522 1 -1 1
1,022.7519 912 1 -1 1
1,022.9519 912 1 -1 1
1,023.1519 912 1 -1 1
1,023.3519 912 1 -1 1
1,024.1891 953 1 -1 1
1,025.6520 959 1 -1 1
1,028.0286 1032 1 -1 1
1,029.3979 809 1 -1 1
1,029.5979 809 1 -1 1
1,029.9646 1031 1 -1 1
1,031.5896 593 1 -1 1
1,032.3896 405 1 -1 1
1,032.5896 405 1 -1 1
1,032.7600 1035 1 -1 1
1,032.7896 405 1 -1 1
1,032.9896 405 1 -1 1
1,033.1896 405 1 -1 1
1,034.9986 93 1 -1 1
1,035.1986 93 1 -1 1
1,035.3986 93 1 -1 1
1,039.9604 737 1 -1 1
1,040.1604 737 1 -1 1
1,040.3604 737 1 -1 1
1,040.5604 737 1 -1 1
1,044.0800 29 1 -1 1
1,044.2800 29 1 -1 1
1,044.4800 29 1 -1 1
1,044.6800 29 1 -1 1
1,045.6931 954 1 -1 1
1,047.9660 1004 1 -1 1
1,048.3660 1004 1 -1 1
1,048.5660 1004 1 -1 1
1,048.7047 1032 1 -1 1
1,049.9830 235 1 -1 1
1,050.1830 235 1 -1 1
1,051.4096 846 1 -1 1
1,051.6096 846 1 -1 1
1,051.9096 846 1 -1 1
1,052.1096 345 1 -1 1
1,052.1096 846 1 -1 1
1,052.3096 345 1 -1 1
1,052.6037 345 1 -1 1
1,052.8037 345 1 -1 1
1,053.1037 999 1 -1 1
1,053.3037 999 1 -1 1
1,053.5037 999 1 -1 1
1,053.5037 999 1 -1 1
1,053.7037 999 1 -1 1
1,053.9037 999 1 -1 1
1,054.0037 722 1 -1 1
1,054.2037 722 1 -1 1
1,054.2037 1026 1 -1 1
1,055.4013 957 1 -1 1
1,055.6013 957 1 -1 1
1,055.6013 957 1 -1 1
1,055.8013 957 1 -1 1
1,057.2410 900 1 -1 1
1,057.4410 900 1 -1 1
1,057.5410 686 1 -1 1
1,057.7410 686 1 -1 1
1,057.9410 686 1 -1 1
1,058.8307 660 1 -1 1
1,059.0307 660 1 -1 1
1,059.2307 660 1 -1 1
1,059.2307 634 1 -1 1
1,059.4307 660 1 -1 1
1,059.4307 634 1 -1 1
1,059.6307 634 1 -1 1
1,061.0931 259 1 -1 1
1,061.2931 259 1 -1 1
1,061.4931 259 1 -1 1
1,061.6931 624 1 -1 1
1,061.8931 624 1 -1 1
1,062.0931 624 1 -1 1
1,063.8405 998 1 -1 1
1,064.0405 998 1 -1 1
1,064.0405 998 1 -1 1
1,064.2405 998 1 -1 1
1,066.2898 1013 1 -1 1
1,067.9384 1015 1 -1 1
1,068.1181 766 1 -1 1
1,068.3181 766 1 -1 1
1,068.5181 766 1 -1 1
1,070.0092 1034 1 -1 1
1,070.7996 472 1 -1 1
1,070.8056 857 1 -1 1
1,070.9996 472 1 -1 1
1,071.0056 857 1 -1 1
1,071.1996 472 1 -1 1
1,071.2056 857 1 -1 1
1,071.3996 472 1 -1 1
1,071.5996 472 1 -1 1
1,072.4382 697 1 -1 1
1,072.6382 697 1 -1 1
1,072.8382 697 1 -1 1
1,075.6542 747 1 -1 1
1,075.8542 747 1 -1 1
1,077.9700 475 1 -1 1
1,078.1700 475 1 -1 1
1,078.3700 475 1 -1 1
1,078.5700 475 1 -1 1
1,078.7101 640 1 -1 1
1,078.9101 640 1 -1 1
1,079.1101 640 1 -1 1
1,080.2397 818 1 -1 1
1,080.3397 214 1 -1 1
1,080.4397 818 1 -1 1
1,080.5397 214 1 -1 1
1,080.6397 818 1 -1 1
1,080.7397 214 1 -1 1
1,080.8397 818 1 -1 1
1,080.9397 214 1 -1 1
1,081.4716 47 1 -1 1
1,081.6716 47 1 -1 1
1,081.7716 444 1 -1 1
1,081.8716 47 1 -1 1
1,081.9716 444 1 -1 1
1,082.4978 951 1 -1 1
1,082.6978 951 1 -1 1
1,082.8978 951 1 -1 1
1,082.8978 951 1 -1 1
1,083.0978 951 1 -1 1
1,084.2400 27 1 -1 1
1,084.4400 27 1 -1 1
1,088.8828 1037 1 -1 1
1,089.0633 539 1 -1 1
1,089.2633 539 1 -1 1
1,089.4633 539 1 -1 1
1,089.6633 539 1 -1 1
1,090.0709 1004 1 -1 1
1,090.2633 1030 1 -1 1
1,090.6184 1016 1 -1 1
1,090.8184 1016 1 -1 1
1,091.2184 1016 1 -1 1
1,091.4184 1016 1 -1 1
1,092.0873 994 1 -1 1
1,093.4661 1048 1 -1 1
1,094.1898 987 1 -1 1
1,097.1510 859 1 -1 1
1,097.3510 859 1 -1 1
1,097.5510 859 1 -1 1
1,097.7510 859 1 -1 1
1,101.0754 923 1 -1 1
1,101.2754 923 1 -1 1
1,102.9137 956 1 -1 1
1,105.1142 129 1 -1 1
1,105.3142 129 1 -1 1
1,106.0142 1012 1 -1 1
1,107.9740 495 1 -1 1
1,108.1740 495 1 -1 1
1,108.3740 495 1 -1 1
1,108.5740 495 1 -1 1
1,109.6715 1047 1 -1 1
1,110.7189 889 1 -1 1
1,110.9948 889 1 -1 1
1,111.1948 889 1 -1 1
1,111.3948 889 1 -1 1
1,111.5948 1034 1 -1 1
1,111.6948 26 1 -1 1
1,111.8948 26 1 -1 1
1,111.9692 1046 1 -1 1
1,112.0004 366 1 -1 1
1,112.2004 26 1 -1 1
1,112.2004 366 1 -1 1
1,112.4004 26 1 -1 1
1,112.6004 26 1 -1 1
1,114.9060 1002 1 -1 1
1,115.9114 211 1 -1 1
1,116.1114 211 1 -1 1
1,116.3114 211 1 -1 1
1,116.4114 1039 1 -1 1
1,116.7114 851 1 -1 1
1,116.9114 851 1 -1 1
1,117.0764 1010 1 -1 1
1,117.1114 851 1 -1 1
1,118.8649 230 1 -1 1
1,119.1649 541 1 -1 1
1,119.3024 517 1 -1 1
1,119.3649 541 1 -1 1
1,119.5024 517 1 -1 1
1,119.5649 541 1 -1 1
1,119.7024 517 1 -1 1
1,119.8024 260 1 -1 1
1,119.8132 990 1 -1 1
1,119.9024 517 1 -1 1
1,120.0024 1022 1 -1 1
1,120.0024 260 1 -1 1
1,120.2024 1022 1 -1 1
1,120.2024 1022 1 -1 1
1,122.0566 863 1 -1 1
1,122.2566 863 1 -1 1
1,122.4566 863 1 -1 1
1,123.1662 73 1 -1 1
1,123.3662 73 1 -1 1
1,123.5662 73 1 -1 1
1,123.7662 73 1 -1 1
1,125.0738 57 1 -1 1
1,125.2738 57 1 -1 1
1,125.3738 692 1 -1 1
1,125.4738 57 1 -1 1
1,125.5738 692 1 -1 1
1,125.6738 57 1 -1 1
1,127.2738 989 1 -1 1
1,127.2738 989 1 -1 1
1,127.4738 989 1 -1 1
1,127.6738 989 1 -1 1
1,127.8202 1031 1 -1 1
1,127.8738 989 1 -1 1
1,129.8387 682 1 -1 1
1,130.0387 682 1 -1 1
1,131.0093 392 1 -1 1
1,131.8093 718 1 -1 1
1,132.0093 718 1 -1 1
1,132.1433 1028 1 -1 1
1,132.2093 718 1 -1 1
1,132.3396 105 1 -1 1
1,132.5396 105 1 -1 1
1,134.3358 1046 1 -1 1
1,139.9872 1047 1 -1 1
1,142.3684 821 1 -1 1
1,142.5684 821 1 -1 1
1,142.7684 821 1 -1 1
1,145.4287 58 1 -1 1
1,145.6319 58 1 -1 1
1,145.7319 144 1 -1 1
1,145.8319 58 1 -1 1
1,145.9319 144 1 -1 1
1,146.1319 144 1 -1 1
1,147.5577 854 1 -1 1
1,147.7577 854 1 -1 1
1,148.6940 109 1 -1 1
1,148.8940 109 1 -1 1
1,148.9940 554 1 -1 1
1,149.0940 109 1 -1 1
1,149.1940 554 1 -1 1
1,149.3940 554 1 -1 1
1,149.5940 554 1 -1 1
1,157.5747 358 1 -1 1
1,157.7747 358 1 -1 1
1,157.9747 358 1 -1 1
1,158.1747 358 1 -1 1
1,158.3747 358 1 -1 1
1,159.6140 678 1 -1 1
1,159.8140 678 1 -1 1
1,160.0140 678 1 -1 1
1,160.2140 678 1 -1 1
1,160.4140 678 1 -1 1
1,162.5846 1034 1 -1 1
1,163.6036 1030 1 -1 1
1,164.1378 841 1 -1 1
1,164.3378 841 1 -1 1
1,164.5378 841 1 -1 1
1,164.7378 841 1 -1 1
1,165.8954 955 1 -1 1
1,166.9021 1046 1 -1 1
1,170.9906 816 1 -1 1
1,171.1906 816 1 -1 1
1,171.3906 816 1 -1 1
1,171.5906 816 1 -1 1
1,172.7685 452 1 -1 1
1,172.9685 452 1 -1 1
1,173.1685 452 1 -1 1
1,174.8486 980 1 -1 1
1,175.1486 980 1 -1 1
1,176.4597 329 1 -1 1
1,176.6597 329 1 -1 1
1,176.7387 385 1 -1 1
1,176.9387 329 1 -1 1
1,176.9387 385 1 -1 1
1,177.1387 329 1 -1 1
1,177.2639 1016 1 -1 1
1,177.9762 199 1 -1 1
1,178.1762 199 1 -1 1
1,178.3762 199 1 -1 1
1,178.5762 199 1 -1 1
1,179.8839 1000 1 -1 1
1,180.1128 1000 1 -1 1
1,180.8128 701 1 -1 1
1,181.0128 701 1 -1 1
1,181.2128 701 1 -1 1
1,181.3301 1035 1 -1 1
1,181.4128 701 1 -1 1
1,181.9463 860 1 -1 1
1,182.1463 860 1 -1 1
1,182.3463 860 1 -1 1
1,182.5463 860 1 -1 1
1,183.3013 831 1 -1 1
1,183.5523 831 1 -1 1
1,183.8523 831 1 -1 1
1,183.9523 779 1 -1 1
1,183.9614 1031 1 -1 1
1,184.0523 831 1 -1 1
1,184.1523 779 1 -1 1
1,184.3723 1033 1 -1 1
1,184.4523 355 1 -1 1
1,184.6523 355 1 -1 1
1,186.8770 626 1 -1 1
1,187.0770 626 1 -1 1
1,187.3247 626 1 -1 1
1,187.5247 626 1 -1 1
1,187.6247 533 1 -1 1
1,187.6247 753 1 -1 1
1,187.8247 533 1 -1 1
1,187.8247 753 1 -1 1
1,188.0247 533 1 -1 1
1,188.2247 533 1 -1 1
1,189.1485 805 1 -1 1
1,189.3485 805 1 -1 1
1,190.6485 482 1 -1 1
1,190.8485 482 1 -1 1
1,191.0485 482 1 -1 1
1,191.2485 482 1 -1 1
1,192.4746 632 1 -1 1
1,192.6746 632 1 -1 1
1,192.8746 632 1 -1 1
1,193.0746 632 1 -1 1
1,193.2746 632 1 -1 1
1,193.3030 637 1 -1 1
1,193.5030 637 1 -1 1
1,193.7030 637 1 -1 1
1,193.9030 637 1 -1 1
1,194.1030 637 1 -1 1
1,194.6030 577 1 -1 1
1,194.8030 577 1 -1 1
1,194.8540 987 1 -1 1
1,195.0030 577 1 -1 1
1,195.8572 3 1 -1 1
1,195.9572 202 1 -1 1
1,196.0572 3 1 -1 1
1,196.1572 202 1 -1 1
1,196.2572 3 1 -1 1
1,196.3572 202 1 -1 1
1,196.4572 3 1 -1 1
1,196.5572 202 1 -1 1
1,196.7166 404 1 -1 1
1,196.7572 202 1 -1 1
1,196.9166 404 1 -1 1
1,197.8166 605 1 -1 1
1,198.0166 605 1 -1 1
1,198.2166 605 1 -1 1
1,198.4166 605 1 -1 1
1,198.5168 169 1 -1 1
1,198.6166 605 1 -1 1
1,198.7168 169 1 -1 1
1,199.2695 1027 1 -1 1
1,201.2936 778 1 -1 1
1,201.4936 778 1 -1 1
1,201.6936 778 1 -1 1
1,202.3946 74 1 -1 1
1,202.5946 74 1 -1 1
1,202.9815 644 1 -1 1
1,203.1815 644 1 -1 1
1,204.3019 639 1 -1 1
1,204.5019 639 1 -1 1
1,206.8834 170 1 -1 1
1,206.9427 1001 1 -1 1
1,207.0834 170 1 -1 1
1,207.2834 170 1 -1 1
1,209.9413 972 1 -1 1
1,210.8508 1006 1 -1 1
1,211.9512 604 1 -1 1
1,212.1512 604 1 -1 1
1,212.3512 604 1 -1 1
1,212.5512 604 1 -1 1
1,212.9458 248 1 -1 1
1,213.1458 248 1 -1 1
1,213.3458 248 1 -1 1
1,213.7512 255 1 -1 1
1,213.9512 255 1 -1 1
1,214.1512 255 1 -1 1
1,215.8772 1028 1 -1 1
1,218.3106 408 1 -1 1
1,218.5106 408 1 -1 1
1,218.7106 408 1 -1 1
1,218.8618 1045 1 -1 1
1,219.8335 664 1 -1 1
1,220.0259 1028 1 -1 1
1,220.0335 664 1 -1 1
1,220.1335 1046 1 -1 1
1,220.2335 664 1 -1 1
1,221.2742 943 1 -1 1
1,221.4742 943 1 -1 1
1,221.4742 943 1 -1 1
1,221.4742 943 1 -1 1
1,222.2472 1046 1 -1 1
1,222.5248 980 1 -1 1
1,222.8796 1047 1 -1 1
1,224.8186 462 1 -1 1
1,225.0186 462 1 -1 1
1,225.6186 138 1 -1 1
1,225.7723 269 1 -1 1
1,225.8186 138 1 -1 1
1,225.9723 269 1 -1 1
1,226.0723 138 1 -1 1
1,226.1723 269 1 -1 1
1,226.2723 138 1 -1 1
1,226.7723 19 1 -1 1
1,226.9723 19 1 -1 1
1,227.1723 19 1 -1 1
1,227.3723 19 1 -1 1
1,227.7700 100 1 -1 1
1,228.1343 332 1 -1 1
1,228.3343 332 1 -1 1
1,228.5343 332 1 -1 1
1,231.2809 667 1 -1 1
1,231.4809 667 1 -1 1
1,233.0886 395 1 -1 1
1,233.2886 395 1 -1 1
1,233.3344 320 1 -1 1
1,233.4886 395 1 -1 1
1,233.4886 530 1 -1 1
1,233.5344 320 1 -1 1
1,233.6886 395 1 -1 1
1,238.7131 988 1 -1 1
1,238.7131 988 1 -1 1
1,238.7131 988 1 -1 1
1,238.9131 988 1 -1 1
1,239.1131 988 1 -1 1
1,239.2229 883 1 -1 1
1,239.4229 883 1 -1 1
1,239.6229 883 1 -1 1
1,239.6528 997 1 -1 1
1,240.6173 1042 1 -1 1
1,241.4673 1042 1 -1 1
1,241.5738 586 1 -1 1
1,241.7738 586 1 -1 1
1,242.0240 1040 1 -1 1
1,243.3473 141 1 -1 1
1,243.5473 141 1 -1 1
1,243.7473 141 1 -1 1
1,243.9473 141 1 -1 1
1,244.8473 543 1 -1 1
1,245.0473 543 1 -1 1
1,250.3619 751 1 -1 1
1,250.5619 751 1 -1 1
1,250.6376 506 1 -1 1
1,250.7619 751 1 -1 1
1,250.8376 506 1 -1 1
1,250.9619 751 1 -1 1
1,251.1619 751 1 -1 1
1,251.8619 264 1 -1 1
1,252.0619 264 1 -1 1
1,252.2619 264 1 -1 1
1,252.4619 264 1 -1 1
1,253.0450 1038 1 -1 1
1,253.4850 13 1 -1 1
1,253.6850 13 1 -1 1
1,253.8850 13 1 -1 1
1,254.0850 13 1 -1 1
1,254.2850 13 1 -1 1
1,254.9125 186 1 -1 1
1,255.1125 186 1 -1 1
1,255.3125 186 1 -1 1
1,255.5125 186 1 -1 1
1,255.7125 186 1 -1 1
1,256.8110 294 1 -1 1
1,257.0110 294 1 -1 1
1,257.2110 294 1 -1 1
1,257.4110 294 1 -1 1
1,257.6110 294 1 -1 1
1,258.6034 742 1 -1 1
1,258.8034 742 1 -1 1
1,259.3034 1011 1 -1 1
1,259.8334 84 1 -1 1
1,260.0334 84 1 -1 1
1,260.2334 84 1 -1 1
1,260.4334 84 1 -1 1
1,260.8365 53 1 -1 1
1,261.0365 53 1 -1 1
1,263.1562 95 1 -1 1
1,263.2562 980 1 -1 1
1,263.3562 95 1 -1 1
1,263.5562 95 1 -1 1
1,263.7683 526 1 -1 1
1,263.9683 526 1 -1 1
1,264.0683 642 1 -1 1
1,264.1683 526 1 -1 1
1,265.4511 1000 1 -1 1
1,265.6511 1000 1 -1 1
1,265.6511 1000 1 -1 1
1,265.8511 1000 1 -1 1
1,266.0511 1000 1 -1 1
1,266.8453 346 1 -1 1
1,267.0453 346 1 -1 1
1,270.8462 1035 1 -1 1
1,272.0198 972 1 -1 1
1,272.1198 872 1 -1 1
1,272.2198 972 1 -1 1
1,272.3198 872 1 -1 1
1,272.5198 872 1 -1 1
1,272.6198 972 1 -1 1
1,272.8198 972 1 -1 1
1,273.0198 972 1 -1 1
1,276.5989 897 1 -1 1
1,277.7321 896 1 -1 1
1,277.9321 896 1 -1 1
1,278.1321 896 1 -1 1
1,278.3321 896 1 -1 1
1,278.5321 896 1 -1 1
1,278.5954 669 1 -1 1
1,278.7954 669 1 -1 1
1,278.9954 669 1 -1 1
1,281.5001 794 1 -1 1
1,281.5155 561 1 -1 1
1,281.7155 561 1 -1 1
1,281.7237 794 1 -1 1
1,281.9155 561 1 -1 1
1,281.9237 794 1 -1 1
1,282.0237 481 1 -1 1
1,282.1237 794 1 -1 1
1,282.2237 481 1 -1 1
1,282.3237 794 1 -1 1
1,282.4237 481 1 -1 1
1,283.2801 938 1 -1 1
1,283.4801 741 1 -1 1
1,283.5801 938 1 -1 1
1,283.6801 741 1 -1 1
1,283.7801 938 1 -1 1
1,283.8801 741 1 -1 1
1,283.9801 1045 1 -1 1
1,284.7902 1047 1 -1 1
1,284.9480 594 1 -1 1
1,285.1480 594 1 -1 1
1,285.2902 555 1 -1 1
1,285.5902 555 1 -1 1
1,285.6902 272 1 -1 1
1,285.7902 555 1 -1 1
1,285.8902 272 1 -1 1
1,285.9902 555 1 -1 1
1,286.0902 272 1 -1 1
1,286.2902 272 1 -1 1
1,288.7764 601 1 -1 1
1,288.9764 601 1 -1 1
1,289.1764 601 1 -1 1
1,289.3764 601 1 -1 1
1,289.3897 315 1 -1 1
1,289.4897 993 1 -1 1
1,289.5764 601 1 -1 1
1,289.5897 315 1 -1 1
1,289.7897 315 1 -1 1
1,290.8400 565 1 -1 1
1,291.0400 565 1 -1 1
1,293.3012 754 1 -1 1
1,293.5012 754 1 -1 1
1,293.7012 754 1 -1 1
1,293.9238 754 1 -1 1
1,294.2026 1044 1 -1 1
1,297.6167 429 1 -1 1
1,297.8167 429 1 -1 1
1,298.0167 429 1 -1 1
1,298.2167 429 1 -1 1
1,299.2216 728 1 -1 1
1,299.4216 728 1 -1 1
1,299.6216 728 1 -1 1
1,299.8216 728 1 -1 1
1,300.7787 486 1 -1 1
1,300.7787 419 1 -1 1
1,300.9787 486 1 -1 1
1,300.9787 419 1 -1 1
1,301.1787 486 1 -1 1
1,301.1787 419 1 -1 1
1,301.3787 419 1 -1 1
1,306.0272 161 1 -1 1
1,306.2272 161 1 -1 1
1,306.5161 161 1 -1 1
1,306.7161 161 1 -1 1
1,306.8161 853 1 -1 1
1,307.0161 853 1 -1 1
1,307.2161 853 1 -1 1
1,307.4161 853 1 -1 1
1,309.0738 108 1 -1 1
1,309.3217 108 1 -1 1
1,309.4217 812 1 -1 1
1,309.6217 812 1 -1 1
1,310.1217 1045 1 -1 1
1,311.6078 764 1 -1 1
1,311.8078 764 1 -1 1
1,312.0078 764 1 -1 1
1,316.5204 611 1 -1 1
1,316.7204 611 1 -1 1
1,317.8598 333 1 -1 1
1,318.0598 333 1 -1 1
1,318.2598 333 1 -1 1
1,320.8582 254 1 -1 1
1,321.0582 254 1 -1 1
1,321.2582 490 1 -1 1
1,321.2582 254 1 -1 1
1,321.4582 490 1 -1 1
1,321.4582 254 1 -1 1
1,321.6179 583 1 -1 1
1,322.3842 1044 1 -1 1
1,323.2162 983 1 -1 1
1,323.4162 983 1 -1 1
1,323.4162 983 1 -1 1
1,324.9566 797 1 -1 1
1,324.9702 592 1 -1 1
1,325.1566 797 1 -1 1
1,325.1702 592 1 -1 1
1,325.3566 441 1 -1 1
1,325.3566 797 1 -1 1
1,325.3702 592 1 -1 1
1,325.5566 441 1 -1 1
1,325.5956 797 1 -1 1
1,325.7956 797 1 -1 1
1,326.1714 114 1 -1 1
1,326.3714 114 1 -1 1
1,326.5714 114 1 -1 1
1,326.7714 114 1 -1 1
1,326.9885 502 1 -1 1
1,327.1885 502 1 -1 1
1,327.3885 502 1 -1 1
1,327.5885 502 1 -1 1
1,327.6030 1031 1 -1 1
1,328.0923 962 1 -1 1
1,328.4406 1009 1 -1 1
1,328.6406 1009 1 -1 1
1,328.6406 1009 1 -1 1
1,328.8406 1009 1 -1 1
1,330.5494 325 1 -1 1
1,330.8232 608 1 -1 1
1,331.0232 608 1 -1 1
1,331.2232 608 1 -1 1
1,336.3192 318 1 -1 1
1,336.5192 318 1 -1 1
1,336.7192 318 1 -1 1
1,336.8192 585 1 -1 1
1,336.9192 318 1 -1 1
1,337.0192 919 1 -1 1
1,337.0192 585 1 -1 1
1,337.2192 919 1 -1 1
1,337.4192 919 1 -1 1
1,337.8711 1046 1 -1 1
1,338.5337 1029 1 -1 1
1,340.1588 1037 1 -1 1
1,340.5021 844 1 -1 1
1,340.7021 844 1 -1 1
1,340.9021 844 1 -1 1
1,341.1021 844 1 -1 1
1,341.3021 844 1 -1 1
1,342.6207 752 1 -1 1
1,342.7399 344 1 -1 1
1,342.9399 752 1 -1 1
1,342.9399 344 1 -1 1
1,343.1399 752 1 -1 1
1,344.8583 960 1 -1 1
1,344.9583 793 1 -1 1
1,345.1583 793 1 -1 1
1,348.7175 940 1 -1 1
1,351.1003 973 1 -1 1
1,351.1089 532 1 -1 1
1,351.3003 973 1 -1 1
1,351.3003 973 1 -1 1
1,351.3089 532 1 -1 1
1,351.5003 973 1 -1 1
1,351.5089 973 1 -1 1
1,351.6129 295 1 -1 1
1,352.3470 398 1 -1 1
1,352.5470 398 1 -1 1
1,353.4470 1039 1 -1 1
1,356.5594 562 1 -1 1
1,356.7594 562 1 -1 1
1,356.9594 562 1 -1 1
1,358.8223 236 1 -1 1
1,359.0223 236 1 -1 1
1,359.3497 937 1 -1 1
1,359.5497 937 1 -1 1
1,360.0200 213 1 -1 1
1,360.2200 213 1 -1 1
1,360.4944 213 1 -1 1
1,360.6944 213 1 -1 1
1,360.8944 213 1 -1 1
1,363.6003 1005 1 -1 1
1,367.4156 994 1 -1 1
1,368.6156 703 1 -1 1
1,368.8156 703 1 -1 1
1,369.0156 703 1 -1 1
1,370.7520 233 1 -1 1
1,370.9835 233 1 -1 1
1,371.1835 233 1 -1 1
1,371.2835 936 1 -1 1
1,371.3835 233 1 -1 1
1,371.4520 171 1 -1 1
1,371.4835 936 1 -1 1
1,371.6816 158 1 -1 1
1,371.6816 171 1 -1 1
1,371.7816 936 1 -1 1
1,371.8520 936 1 -1 1
1,371.8816 158 1 -1 1
1,371.8816 171 1 -1 1
1,371.9816 936 1 -1 1
1,372.0816 158 1 -1 1
1,377.3118 934 1 -1 1
1,377.5118 934 1 -1 1
1,377.7118 934 1 -1 1
1,377.7509 934 1 -1 1
1,377.9118 934 1 -1 1
1,377.9509 64 1 -1 1
1,378.1509 64 1 -1 1
1,378.3509 64 1 -1 1
1,378.5509 64 1 -1 1
1,378.7509 64 1 -1 1
1,378.7632 120 1 -1 1
1,378.8632 69 1 -1 1
1,378.9632 120 1 -1 1
1,379.2659 70 1 -1 1
1,379.4659 70 1 -1 1
1,381.9799 40 1 -1 1
1,382.1799 40 1 -1 1
1,385.9258 1005 1 -1 1
1,386.1258 1005 1 -1 1
1,386.4258 1005 1 -1 1
1,386.5258 1005 1 -1 1
1,386.6258 1005 1 -1 1
1,386.7258 1005 1 -1 1
1,391.4414 1014 1 -1 1
1,392.6642 79 1 -1 1
1,392.8642 79 1 -1 1
1,393.0642 79 1 -1 1
1,393.4397 536 1 -1 1
1,393.5790 867 1 -1 1
1,393.6397 536 1 -1 1
1,393.7790 867 1 -1 1
1,393.8397 536 1 -1 1
1,394.0397 536 1 -1 1
1,394.5262 327 1 -1 1
1,394.7262 327 1 -1 1
1,394.9262 327 1 -1 1
1,395.1262 327 1 -1 1
1,395.3262 327 1 -1 1
1,396.0771 984 1 -1 1
1,396.1367 1014 1 -1 1
1,396.2771 984 1 -1 1
1,396.3771 984 1 -1 1
1,397.5398 951 1 -1 1
1,397.7398 951 1 -1 1
1,397.7398 951 1 -1 1
1,403.2520 1012 1 -1 1
1,404.6092 996 1 -1 1
1,404.7919 657 1 -1 1
1,404.8092 996 1 -1 1
1,404.9919 657 1 -1 1
1,405.0092 996 1 -1 1
1,405.2092 996 1 -1 1
1,406.0653 591 1 -1 1
1,406.2653 591 1 -1 1
1,406.4653 591 1 -1 1
1,406.5705 154 1 -1 1
1,406.6653 591 1 -1 1
1,406.7705 154 1 -1 1
1,406.9705 154 1 -1 1
1,407.1705 154 1 -1 1
1,407.3705 154 1 -1 1
1,412.8789 952 1 -1 1
1,413.3789 1007 1 -1 1
1,414.5698 999 1 -1 1
1,415.3516 622 1 -1 1
1,415.5516 622 1 -1 1
1,415.7516 622 1 -1 1
1,415.9516 622 1 -1 1
1,416.1001 1030 1 -1 1
1,416.1516 622 1 -1 1
1,419.9673 700 1 -1 1
1,420.1673 700 1 -1 1
1,420.3673 700 1 -1 1
1,420.4673 575 1 -1 1
1,420.6673 679 1 -1 1
1,420.6673 575 1 -1 1
1,420.8673 679 1 -1 1
1,420.8673 575 1 -1 1
1,421.0673 679 1 -1 1
1,421.0673 575 1 -1 1
1,422.0172 1040 1 -1 1
1,422.4172 497 1 -1 1
1,422.6172 510 1 -1 1
1,422.6172 497 1 -1 1
1,422.8172 510 1 -1 1
1,422.8377 497 1 -1 1
1,423.0172 510 1 -1 1
1,423.0377 497 1 -1 1
1,423.2172 510 1 -1 1
1,423.2377 497 1 -1 1
1,423.3377 11 1 -1 1
1,423.4172 510 1 -1 1
1,423.5377 11 1 -1 1
1,423.7377 11 1 -1 1
1,423.9377 11 1 -1 1
1,424.6220 1046 1 -1 1
1,425.5153 1042 1 -1 1
1,429.4041 991 1 -1 1
1,429.6041 991 1 -1 1
1,429.6041 991 1 -1 1
1,430.1041 568 1 -1 1
1,430.3041 568 1 -1 1
1,430.5041 568 1 -1 1
1,431.0359 985 1 -1 1
1,431.5903 225 1 -1 1
1,431.7903 225 1 -1 1
1,431.9903 225 1 -1 1
1,432.1903 225 1 -1 1
1,432.3903 225 1 -1 1
1,433.2497 698 1 -1 1
1,433.4497 698 1 -1 1
1,433.6497 698 1 -1 1
1,433.8497 698 1 -1 1
1,433.9594 1012 1 -1 1
1,438.6490 1029 1 -1 1
1,438.9108 988 1 -1 1
1,438.9490 125 1 -1 1
1,439.1490 125 1 -1 1
1,439.3490 125 1 -1 1
1,439.5490 125 1 -1 1
1,442.0858 474 1 -1 1
1,442.2858 474 1 -1 1
1,442.4858 474 1 -1 1
1,443.1858 189 1 -1 1
1,443.3858 189 1 -1 1
1,443.5858 189 1 -1 1
1,443.7858 189 1 -1 1
1,443.9858 189 1 -1 1
1,444.1728 338 1 -1 1
1,444.3728 338 1 -1 1
1,445.0398 545 1 -1 1
1,445.2398 545 1 -1 1
1,445.4398 545 1 -1 1
1,445.6398 545 1 -1 1
1,447.6686 1041 1 -1 1
1,449.6033 208 1 -1 1
1,449.8033 92 1 -1 1
1,449.8033 208 1 -1 1
1,449.9033 226 1 -1 1
1,449.9033 97 1 -1 1
1,450.0033 92 1 -1 1
1,450.0033 208 1 -1 1
1,450.1033 226 1 -1 1
1,450.2033 92 1 -1 1
1,450.2033 97 1 -1 1
1,450.3033 226 1 -1 1
1,450.4033 92 1 -1 1
1,450.4033 97 1 -1 1
1,450.6033 226 1 -1 1
1,450.6033 97 1 -1 1
1,450.7033 473 1 -1 1
1,450.7033 1012 1 -1 1
1,450.8033 226 1 -1 1
1,450.9033 473 1 -1 1
1,451.1033 715 1 -1 1
1,451.1033 473 1 -1 1
1,451.3033 715 1 -1 1
1,451.3033 473 1 -1 1
1,452.0583 961 1 -1 1
1,452.4583 961 1 -1 1
1,452.6583 961 1 -1 1
1,453.3533 750 1 -1 1
1,453.5533 750 1 -1 1
1,453.7533 750 1 -1 1
1,453.9533 750 1 -1 1
1,454.4908 531 1 -1 1
1,454.7908 322 1 -1 1
1,454.9908 322 1 -1 1
1,457.4231 1013 1 -1 1
1,459.3684 1038 1 -1 1
1,460.1882 422 1 -1 1
1,460.3882 422 1 -1 1
1,460.5882 422 1 -1 1
1,461.1009 937 1 -1 1
1,461.3009 937 1 -1 1
1,461.6009 994 1 -1 1
1,461.8009 994 1 -1 1
1,462.0009 994 1 -1 1
1,462.2009 994 1 -1 1
1,462.5985 800 1 -1 1
1,462.7985 800 1 -1 1
1,463.6032 51 1 -1 1
1,463.8032 51 1 -1 1
1,464.0032 51 1 -1 1
1,464.2032 51 1 -1 1
1,468.4928 1038 1 -1 1
1,469.6392 1022 1 -1 1
1,470.3837 324 1 -1 1
1,474.1223 1001 1 -1 1
1,475.8832 1034 1 -1 1
1,481.3313 1028 1 -1 1
1,485.2680 802 1 -1 1
1,485.4680 802 1 -1 1
1,485.7660 802 1 -1 1
1,486.2660 413 1 -1 1
1,486.4660 509 1 -1 1
1,486.5660 413 1 -1 1
1,486.6660 509 1 -1 1
1,486.6660 661 1 -1 1
1,486.7660 413 1 -1 1
1,486.8660 661 1 -1 1
1,487.0660 661 1 -1 1
1,488.3821 1047 1 -1 1
1,489.6504 916 1 -1 1
1,489.8504 916 1 -1 1
1,490.0504 916 1 -1 1
1,492.9064 996 1 -1 1
1,495.8904 623 1 -1 1
1,496.0904 623 1 -1 1
1,496.1904 505 1 -1 1
1,496.2904 623 1 -1 1
1,496.3904 505 1 -1 1
1,496.4904 623 1 -1 1
1,496.6920 505 1 -1 1
1,496.7920 99 1 -1 1
1,496.8920 505 1 -1 1
1,496.9920 99 1 -1 1
1,497.1920 99 1 -1 1
1,497.3920 99 1 -1 1
1,505.5268 126 1 -1 1
1,505.7268 126 1 -1 1
1,505.7821 1040 1 -1 1
1,505.9268 126 1 -1 1
1,506.0268 245 1 -1 1
1,506.1268 126 1 -1 1
1,506.2268 245 1 -1 1
1,506.4268 245 1 -1 1
1,507.6749 106 1 -1 1
1,508.5660 1026 1 -1 1
1,509.1642 101 1 -1 1
1,509.3642 101 1 -1 1
1,509.5642 101 1 -1 1
1,512.1777 790 1 -1 1
1,512.3777 790 1 -1 1
1,516.1238 723 1 -1 1
1,516.3238 723 1 -1 1
1,516.5238 723 1 -1 1
1,516.7238 723 1 -1 1
1,517.0354 1024 1 -1 1
1,520.6714 143 1 -1 1
1,521.6658 869 1 -1 1
1,521.8658 869 1 -1 1
1,522.0658 869 1 -1 1
1,522.2658 869 1 -1 1
1,522.2681 1008 1 -1 1
1,522.4681 1008 1 -1 1
1,522.4681 1008 1 -1 1
1,522.6681 1008 1 -1 1
1,523.7120 326 1 -1 1
1,523.9120 326 1 -1 1
1,524.1120 326 1 -1 1
1,527.4843 371 1 -1 1
1,527.6843 371 1 -1 1
1,527.8843 371 1 -1 1
1,528.0843 371 1 -1 1
1,528.2843 371 1 -1 1
1,528.3279 1028 1 -1 1
1,528.3394 1026 1 -1 1
1,528.3843 890 1 -1 1
1,528.5843 890 1 -1 1
1,528.7843 890 1 -1 1
1,528.9843 890 1 -1 1
1,529.1843 890 1 -1 1
1,530.8535 1033 1 -1 1
1,533.5733 121 1 -1 1
1,533.7733 121 1 -1 1
1,533.9733 121 1 -1 1
1,534.4943 1045 1 -1 1
1,537.2976 918 1 -1 1
1,537.4976 918 1 -1 1
1,537.5061 1042 1 -1 1
1,537.6976 918 1 -1 1
1,537.8976 918 1 -1 1
1,539.3877 833 1 -1 1
1,539.5877 833 1 -1 1
1,539.7877 833 1 -1 1
1,539.9877 833 1 -1 1
1,539.9993 1032 1 -1 1
1,541.4073 627 1 -1 1
1,541.6073 627 1 -1 1
1,541.8073 627 1 -1 1
1,542.0073 627 1 -1 1
1,543.1913 1039 1 -1 1
1,543.2022 713 1 -1 1
1,543.4022 713 1 -1 1
1,543.6022 713 1 -1 1
1,544.7359 23 1 -1 1
1,544.9359 23 1 -1 1
1,545.1359 23 1 -1 1
1,545.6157 1047 1 -1 1
1,545.8359 411 1 -1 1
1,546.0359 411 1 -1 1
1,546.2359 175 1 -1 1
1,546.2359 411 1 -1 1
1,546.4359 175 1 -1 1
1,546.6359 175 1 -1 1
1,546.8359 175 1 -1 1
1,547.3711 139 1 -1 1
1,547.5711 139 1 -1 1
1,547.7711 139 1 -1 1
1,547.9711 139 1 -1 1
1,548.3993 252 1 -1 1
1,548.5993 252 1 -1 1
1,548.7993 252 1 -1 1
1,549.3899 1004 1 -1 1
1,551.0765 373 1 -1 1
1,551.3589 373 1 -1 1
1,551.5589 373 1 -1 1
1,552.4714 340 1 -1 1
1,552.5714 665 1 -1 1
1,552.6714 340 1 -1 1
1,552.8589 665 1 -1 1
1,552.8714 340 1 -1 1
1,552.9714 116 1 -1 1
1,553.0589 665 1 -1 1
1,553.0714 340 1 -1 1
1,553.1714 116 1 -1 1
1,553.3714 116 1 -1 1
1,553.5714 116 1 -1 1
1,555.9101 136 1 -1 1
1,556.1101 136 1 -1 1
1,556.4475 15 1 -1 1
1,556.6475 725 1 -1 1
1,556.6475 15 1 -1 1
1,556.8475 15 1 -1 1
1,558.4957 963 1 -1 1
1,558.5819 662 1 -1 1
1,558.7819 662 1 -1 1
1,558.9870 662 1 -1 1
1,559.1870 662 1 -1 1
1,559.2870 930 1 -1 1
1,559.3870 662 1 -1 1
1,559.4870 930 1 -1 1
1,559.6870 930 1 -1 1
1,559.6870 930 1 -1 1
1,559.8870 930 1 -1 1
1,560.0870 930 1 -1 1
1,560.0885 1047 1 -1 1
1,560.3870 773 1 -1 1
1,560.5870 773 1 -1 1
1,560.7870 773 1 -1 1
1,560.9870 773 1 -1 1
1,562.6812 1027 1 -1 1
1,564.0088 1040 1 -1 1
1,565.3868 1013 1 -1 1
1,565.6170 1035 1 -1 1
1,565.8810 921 1 -1 1
1,566.0810 921 1 -1 1
1,566.2810 921 1 -1 1
1,566.4810 921 1 -1 1
1,567.8798 190 1 -1 1
1,568.0798 190 1 -1 1
1,568.2798 190 1 -1 1
1,568.4798 190 1 -1 1
1,568.6798 190 1 -1 1
1,570.3214 1041 1 -1 1
1,574.6192 455 1 -1 1
1,574.8992 455 1 -1 1
1,574.9992 4 1 -1 1
1,575.0992 455 1 -1 1
1,575.1992 4 1 -1 1
1,575.2992 455 1 -1 1
1,576.3047 409 1 -1 1
1,576.5047 409 1 -1 1
1,576.7047 409 1 -1 1
1,578.8839 1045 1 -1 1
1,579.1415 113 1 -1 1
1,579.3415 287 1 -1 1
1,579.3415 113 1 -1 1
1,579.5415 113 1 -1 1
1,581.1781 296 1 -1 1
1,581.3781 296 1 -1 1
1,581.5781 296 1 -1 1
1,581.7781 296 1 -1 1
1,583.1734 142 1 -1 1
1,583.2900 630 1 -1 1
1,583.3734 142 1 -1 1
1,583.4900 630 1 -1 1
1,583.5734 142 1 -1 1
1,583.6900 630 1 -1 1
1,583.8900 630 1 -1 1
1,587.6777 1006 1 -1 1
1,587.8160 979 1 -1 1
1,588.2882 991 1 -1 1
1,588.4882 991 1 -1 1
1,588.6882 991 1 -1 1
1,588.8882 991 1 -1 1
1,589.2120 1025 1 -1 1
1,589.9982 1021 1 -1 1
1,590.5116 1041 1 -1 1
1,591.7978 352 1 -1 1
1,592.0395 352 1 -1 1
1,592.1395 8 1 -1 1
1,592.2395 352 1 -1 1
1,592.3395 8 1 -1 1
1,592.4395 352 1 -1 1
1,592.5395 8 1 -1 1
1,595.1967 321 1 -1 1
1,595.3967 321 1 -1 1
1,595.9967 298 1 -1 1
1,596.1967 298 1 -1 1
1,596.3967 298 1 -1 1
1,596.5967 298 1 -1 1
1,596.7967 298 1 -1 1
1,598.3926 1044 1 -1 1
1,599.3179 983 1 -1 1
1,599.6943 570 1 -1 1
1,599.8943 570 1 -1 1
1,606.7669 911 1 -1 1
1,607.0378 911 1 -1 1
1,607.1378 933 1 -1 1
1,607.3378 933 1 -1 1
1,607.5378 933 1 -1 1
1,609.2496 41 1 -1 1
1,609.4496 41 1 -1 1
1,609.6496 41 1 -1 1
1,609.7496 467 1 -1 1
1,609.9496 467 1 -1 1
1,610.1496 467 1 -1 1
1,610.6284 995 1 -1 1
1,610.8284 995 1 -1 1
1,610.8284 995 1 -1 1
1,611.0284 995 1 -1 1
1,611.0284 995 1 -1 1
1,612.5263 595 1 -1 1
1,612.7263 595 1 -1 1
1,612.9263 595 1 -1 1
1,613.5956 153 1 -1 1
1,613.7956 153 1 -1 1
1,617.9320 451 1 -1 1
1,618.1320 451 1 -1 1
1,620.1170 383 1 -1 1
1,620.3170 383 1 -1 1
1,623.1609 939 1 -1 1
1,624.1178 1011 1 -1 1
1,624.1178 795 1 -1 1
1,624.3178 795 1 -1 1
1,624.5178 795 1 -1 1
1,625.0178 388 1 -1 1
1,625.2178 388 1 -1 1
1,625.4178 388 1 -1 1
1,625.6178 388 1 -1 1
1,625.6573 1020 1 -1 1
1,625.8178 388 1 -1 1
1,626.8771 131 1 -1 1
1,627.0771 131 1 -1 1
1,627.2771 131 1 -1 1
1,627.4771 131 1 -1 1
1,627.6771 131 1 -1 1
1,630.3807 242 1 -1 1
1,630.5807 242 1 -1 1
1,630.7807 242 1 -1 1
1,633.0490 932 1 -1 1
1,633.2490 932 1 -1 1
1,633.4106 1008 1 -1 1
1,633.4490 932 1 -1 1
1,633.9430 711 1 -1 1
1,634.1430 711 1 -1 1
1,634.3430 711 1 -1 1
1,634.4430 283 1 -1 1
1,634.6430 283 1 -1 1
1,634.8430 283 1 -1 1
1,635.0430 283 1 -1 1
1,635.7955 602 1 -1 1
1,635.9955 602 1 -1 1
1,636.2534 384 1 -1 1
1,636.4534 384 1 -1 1
1,636.6534 384 1 -1 1
1,636.8319 1015 1 -1 1
1,636.8534 384 1 -1 1
1,638.2368 514 1 -1 1
1,638.4368 514 1 -1 1
1,638.6368 514 1 -1 1
1,638.6788 456 1 -1 1
1,638.8368 204 1 -1 1
1,638.9551 456 1 -1 1
1,639.0368 204 1 -1 1
1,639.0551 1046 1 -1 1
1,639.1551 456 1 -1 1
1,639.2368 204 1 -1 1
1,639.3551 558 1 -1 1
1,639.3551 456 1 -1 1
1,639.4368 204 1 -1 1
1,639.4551 124 1 -1 1
1,639.5551 558 1 -1 1
1,639.6368 204 1 -1 1
1,639.6551 124 1 -1 1
1,639.7551 558 1 -1 1
1,640.6077 560 1 -1 1
1,640.8077 560 1 -1 1
1,642.8474 772 1 -1 1
1,643.0474 772 1 -1 1
1,643.2474 772 1 -1 1
1,643.2474 163 1 -1 1
1,643.4474 163 1 -1 1
1,643.6474 163 1 -1 1
1,643.8474 163 1 -1 1
1,644.0474 163 1 -1 1
1,644.0934 647 1 -1 1
1,644.2934 647 1 -1 1
1,644.4934 647 1 -1 1
1,644.6934 647 1 -1 1
1,644.7934 1029 1 -1 1
1,645.8252 375 1 -1 1
1,646.0252 375 1 -1 1
1,646.2252 375 1 -1 1
1,646.4252 375 1 -1 1
1,646.9574 215 1 -1 1
1,647.1574 215 1 -1 1
1,647.2574 197 1 -1 1
1,647.3574 215 1 -1 1
1,647.5574 215 1 -1 1
1,649.4241 515 1 -1 1
1,649.6241 515 1 -1 1
1,649.8241 515 1 -1 1
1,650.0241 515 1 -1 1
1,651.5407 871 1 -1 1
1,651.7230 1003 1 -1 1
1,651.7407 871 1 -1 1
1,651.9230 1003 1 -1 1
1,651.9230 1003 1 -1 1
1,653.7261 1039 1 -1 1
1,654.4470 466 1 -1 1
1,654.6470 466 1 -1 1
1,654.8470 466 1 -1 1
1,655.9546 925 1 -1 1
1,656.2546 925 1 -1 1
1,656.3546 925 1 -1 1
1,656.5546 925 1 -1 1
1,657.8034 196 1 -1 1
1,658.0034 196 1 -1 1
1,660.4059 1043 1 -1 1
1,660.9307 613 1 -1 1
1,661.1307 613 1 -1 1
1,661.3307 613 1 -1 1
1,661.5307 613 1 -1 1
1,661.5860 282 1 -1 1
1,661.7860 282 1 -1 1
1,661.9860 282 1 -1 1
1,662.1860 282 1 -1 1
1,662.3860 282 1 -1 1
1,664.2012 1040 1 -1 1
1,665.1474 633 1 -1 1
1,665.3474 633 1 -1 1
1,665.5474 633 1 -1 1
1,665.7474 633 1 -1 1
1,666.9723 909 1 -1 1
1,667.1723 909 1 -1 1
1,667.3723 909 1 -1 1
1,671.4785 389 1 -1 1
1,671.6785 389 1 -1 1
1,671.8785 389 1 -1 1
1,672.6375 1024 1 -1 1
1,674.8596 348 1 -1 1
1,675.0596 348 1 -1 1
1,675.0596 117 1 -1 1
1,675.2596 348 1 -1 1
1,675.2596 117 1 -1 1
1,675.4596 348 1 -1 1
1,675.4596 117 1 -1 1
1,675.6596 348 1 -1 1
1,675.6596 117 1 -1 1
1,675.7596 542 1 -1 1
1,675.9596 542 1 -1 1
1,676.1596 542 1 -1 1
1,676.3596 542 1 -1 1
1,677.1993 516 1 -1 1
1,677.3993 516 1 -1 1
1,679.3240 953 1 -1 1
1,679.9225 336 1 -1 1
1,680.1225 336 1 -1 1
1,680.2225 281 1 -1 1
1,680.3225 336 1 -1 1
1,680.4225 281 1 -1 1
1,682.8836 65 1 -1 1
1,683.0836 65 1 -1 1
1,683.9836 878 1 -1 1
1,684.1836 878 1 -1 1
1,684.3836 878 1 -1 1
1,684.5836 878 1 -1 1
1,684.7836 878 1 -1 1
1,687.4176 1017 1 -1 1
1,687.8098 157 1 -1 1
1,688.0098 157 1 -1 1
1,688.2098 157 1 -1 1
1,688.4098 157 1 -1 1
1,688.4446 1032 1 -1 1
1,688.6098 157 1 -1 1
1,688.8262 973 1 -1 1
1,689.7614 285 1 -1 1
1,689.8833 984 1 -1 1
1,689.9614 285 1 -1 1
1,690.1614 285 1 -1 1
1,690.3614 285 1 -1 1
1,691.8055 1016 1 -1 1
1,693.8423 656 1 -1 1
1,694.0423 656 1 -1 1
1,694.2423 656 1 -1 1
1,696.6158 996 1 -1 1
1,696.8158 996 1 -1 1
1,696.8158 996 1 -1 1
1,696.8158 996 1 -1 1
1,697.0158 996 1 -1 1
1,697.0158 996 1 -1 1
1,697.6749 1034 1 -1 1
1,699.0597 984 1 -1 1
1,699.1298 17 1 -1 1
1,699.3298 17 1 -1 1
1,699.5313 94 1 -1 1
1,699.7313 94 1 -1 1
1,699.8413 1045 1 -1 1
1,703.3290 150 1 -1 1
1,703.5290 150 1 -1 1
1,703.7290 150 1 -1 1
1,703.9290 150 1 -1 1
1,704.1290 150 1 -1 1
1,704.6927 88 1 -1 1
1,704.8927 88 1 -1 1
1,705.0927 88 1 -1 1
1,705.2927 88 1 -1 1
1,706.2810 337 1 -1 1
1,706.4810 337 1 -1 1
1,706.7741 337 1 -1 1
1,706.9741 337 1 -1 1
1,707.1741 337 1 -1 1
1,707.2810 44 1 -1 1
1,707.4810 44 1 -1 1
1,707.4810 874 1 -1 1
1,707.6810 874 1 -1 1
1,707.8810 874 1 -1 1
1,708.0810 874 1 -1 1
1,708.2810 874 1 -1 1
1,708.5011 59 1 -1 1
1,708.7790 59 1 -1 1
1,708.8790 965 1 -1 1
1,708.9540 992 1 -1 1
1,708.9790 59 1 -1 1
1,709.0790 965 1 -1 1
1,709.0790 965 1 -1 1
1,709.1790 59 1 -1 1
1,709.2790 965 1 -1 1
1,711.0048 899 1 -1 1
1,711.2048 899 1 -1 1
1,711.4048 899 1 -1 1
1,711.6048 899 1 -1 1
1,711.8048 899 1 -1 1
1,714.5807 347 1 -1 1
1,714.7807 347 1 -1 1
1,714.9807 347 1 -1 1
1,715.1807 347 1 -1 1
1,715.5865 966 1 -1 1
1,715.6330 164 1 -1 1
1,715.8330 164 1 -1 1
1,716.0330 164 1 -1 1
1,716.6493 479 1 -1 1
1,716.8493 479 1 -1 1
1,717.0493 479 1 -1 1
1,717.2493 479 1 -1 1
1,717.5493 12 1 -1 1
1,717.7493 12 1 -1 1
1,717.9493 12 1 -1 1
1,718.5493 130 1 -1 1
1,718.7493 130 1 -1 1
1,718.9493 130 1 -1 1
1,719.0493 617 1 -1 1
1,719.2493 617 1 -1 1
1,719.4493 617 1 -1 1
1,719.9525 1005 1 -1 1
1,721.2422 247 1 -1 1
1,721.4422 247 1 -1 1
1,721.5422 695 1 -1 1
1,721.6422 247 1 -1 1
1,721.7422 695 1 -1 1
1,721.9422 695 1 -1 1
1,722.1422 695 1 -1 1
1,724.1817 319 1 -1 1
1,724.3817 319 1 -1 1
1,725.8279 1042 1 -1 1
1,725.8920 335 1 -1 1
1,725.9279 688 1 -1 1
1,726.0920 335 1 -1 1
1,726.1279 688 1 -1 1
1,726.2920 335 1 -1 1
1,726.3279 688 1 -1 1
1,726.4920 335 1 -1 1
1,726.5279 688 1 -1 1
1,726.7279 688 1 -1 1
1,730.7895 659 1 -1 1
1,730.9895 659 1 -1 1
1,731.1895 659 1 -1 1
1,731.5963 907 1 -1 1
1,735.6912 848 1 -1 1
1,736.1806 569 1 -1 1
1,736.3806 569 1 -1 1
1,741.2217 267 1 -1 1
1,741.4217 267 1 -1 1
1,741.6217 267 1 -1 1
1,742.3165 989 1 -1 1
1,742.3401 1044 1 -1 1
1,742.4165 24 1 -1 1
1,742.6384 24 1 -1 1
1,742.7384 603 1 -1 1
1,742.8384 24 1 -1 1
1,742.9384 603 1 -1 1
1,743.0384 24 1 -1 1
1,743.1384 603 1 -1 1
1,744.4816 534 1 -1 1
1,744.6816 534 1 -1 1
1,745.4420 323 1 -1 1
1,745.6420 323 1 -1 1
1,745.8161 442 1 -1 1
1,745.8420 323 1 -1 1
1,746.0161 442 1 -1 1
1,746.0420 932 1 -1 1
1,746.3161 932 1 -1 1
1,746.8882 546 1 -1 1
1,747.0882 546 1 -1 1
1,747.2882 546 1 -1 1
1,747.4017 523 1 -1 1
1,747.4882 546 1 -1 1
1,747.6017 523 1 -1 1
1,747.8017 523 1 -1 1
1,748.5792 616 1 -1 1
1,748.7792 616 1 -1 1
1,750.5022 827 1 -1 1
1,750.7022 827 1 -1 1
1,750.8022 437 1 -1 1
1,750.9022 827 1 -1 1
1,751.0022 437 1 -1 1
1,751.2022 437 1 -1 1
1,751.4022 437 1 -1 1
1,751.8239 118 1 -1 1
1,752.0239 118 1 -1 1
1,753.6842 767 1 -1 1
1,753.8842 767 1 -1 1
1,754.0842 767 1 -1 1
1,754.2842 767 1 -1 1
1,754.4842 767 1 -1 1
1,756.7350 544 1 -1 1
1,756.9350 544 1 -1 1
1,757.0350 971 1 -1 1
1,757.1350 544 1 -1 1
1,757.1655 434 1 -1 1
1,757.3655 434 1 -1 1
1,757.4655 971 1 -1 1
1,757.6655 971 1 -1 1
1,757.6655 52 1 -1 1
1,757.8655 971 1 -1 1
1,757.8655 52 1 -1 1
1,758.0655 52 1 -1 1
1,758.2655 52 1 -1 1
1,758.4655 52 1 -1 1
1,760.0729 556 1 -1 1
1,760.2729 21 1 -1 1
1,760.2729 556 1 -1 1
1,760.4729 21 1 -1 1
1,760.4729 556 1 -1 1
1,760.6437 220 1 -1 1
1,760.6729 556 1 -1 1
1,760.6729 21 1 -1 1
1,760.6758 1004 1 -1 1
1,760.8437 220 1 -1 1
1,761.0437 220 1 -1 1
1,761.2277 209 1 -1 1
1,761.3277 220 1 -1 1
1,761.4277 209 1 -1 1
1,761.5277 220 1 -1 1
1,761.5277 618 1 -1 1
1,761.6277 209 1 -1 1
1,761.7277 618 1 -1 1
1,761.8277 209 1 -1 1
1,761.9277 618 1 -1 1
1,762.1277 618 1 -1 1
1,762.3277 618 1 -1 1
1,763.8763 704 1 -1 1
1,764.0763 704 1 -1 1
1,764.2763 704 1 -1 1
1,764.4763 704 1 -1 1
1,764.6763 704 1 -1 1
1,764.9885 328 1 -1 1
1,765.1885 328 1 -1 1
1,765.4862 587 1 -1 1
1,765.6640 243 1 -1 1
1,768.6274 38 1 -1 1
1,768.8274 38 1 -1 1
1,769.0274 38 1 -1 1
1,770.2362 187 1 -1 1
1,770.4362 187 1 -1 1
1,770.6362 187 1 -1 1
1,770.8362 103 1 -1 1
1,771.0362 103 1 -1 1
1,771.2362 103 1 -1 1
1,771.4362 103 1 -1 1
1,771.6362 103 1 -1 1
1,772.1891 1029 1 -1 1
1,772.4326 403 1 -1 1
1,772.6326 403 1 -1 1
1,772.8326 403 1 -1 1
1,773.0326 403 1 -1 1
1,773.8754 423 1 -1 1
1,774.0754 423 1 -1 1
1,774.2754 576 1 -1 1
1,774.4754 576 1 -1 1
1,774.6754 576 1 -1 1
1,774.8754 576 1 -1 1
1,775.0754 576 1 -1 1
1,775.4771 694 1 -1 1
1,775.6771 694 1 -1 1
1,775.7180 1020 1 -1 1
1,775.8771 694 1 -1 1
1,776.0771 694 1 -1 1
1,776.2339 381 1 -1 1
1,776.4339 381 1 -1 1
1,777.6887 367 1 -1 1
1,777.8887 367 1 -1 1
1,777.9085 847 1 -1 1
1,778.0887 367 1 -1 1
1,778.1085 847 1 -1 1
1,778.3085 847 1 -1 1
1,778.5085 847 1 -1 1
1,778.7814 628 1 -1 1
1,778.9814 628 1 -1 1
1,780.3085 1041 1 -1 1
1,783.0558 879 1 -1 1
1,783.2558 879 1 -1 1
1,783.4558 879 1 -1 1
1,783.6558 879 1 -1 1
1,784.1317 989 1 -1 1
1,784.7855 201 1 -1 1
1,784.9855 201 1 -1 1
1,785.1855 201 1 -1 1
1,785.2855 310 1 -1 1
1,785.4855 310 1 -1 1
1,785.6302 1015 1 -1 1
1,785.6855 310 1 -1 1
1,785.8855 310 1 -1 1
1,789.8479 926 1 -1 1
1,790.5571 270 1 -1 1
1,790.5571 463 1 -1 1
1,790.7571 270 1 -1 1
1,790.7571 463 1 -1 1
1,790.9571 270 1 -1 1
1,790.9571 463 1 -1 1
1,791.1571 463 1 -1 1
1,792.5278 680 1 -1 1
1,792.7278 680 1 -1 1
1,794.5281 148 1 -1 1
1,794.7281 148 1 -1 1
1,794.9281 148 1 -1 1
1,796.4120 781 1 -1 1
1,796.6120 781 1 -1 1
1,796.8120 781 1 -1 1
1,797.9243 7 1 -1 1
1,798.1243 7 1 -1 1
1,798.3243 7 1 -1 1
1,798.5243 7 1 -1 1
1,798.8105 448 1 -1 1
1,799.0105 448 1 -1 1
1,799.6374 491 1 -1 1
1,799.8374 491 1 -1 1
1,800.0374 491 1 -1 1
1,800.2374 491 1 -1 1
1,800.4614 983 1 -1 1
1,803.5725 477 1 -1 1
1,803.7725 477 1 -1 1
1,803.9725 477 1 -1 1
1,804.1473 843 1 -1 1
1,804.1725 477 1 -1 1
1,804.3058 1030 1 -1 1
1,804.3473 843 1 -1 1
1,805.6680 89 1 -1 1
1,805.8680 89 1 -1 1
1,807.2236 572 1 -1 1
1,807.4236 572 1 -1 1
1,807.6236 572 1 -1 1
1,807.8236 572 1 -1 1
1,808.0236 572 1 -1 1
1,808.9487 950 1 -1 1
1,812.4334 349 1 -1 1
1,812.5334 933 1 -1 1
1,812.6334 349 1 -1 1
1,812.8334 349 1 -1 1
1,813.0334 349 1 -1 1
1,813.4890 274 1 -1 1
1,813.6890 274 1 -1 1
1,813.8890 274 1 -1 1
1,815.2721 0 1 -1 1
1,815.4721 0 1 -1 1
1,815.6721 0 1 -1 1
1,815.8721 0 1 -1 1
