1.0977 0 1 -1 1
1.2977 0 1 -1 1
1.4977 0 1 -1 1
2.8456 1 1 -1 1
3.0456 1 1 -1 1
4.3205 2 1 -1 1
4.5205 2 1 -1 1
4.5205 2 1 -1 1
4.7205 2 1 -1 1
5.3386 3 1 -1 1
5.5386 3 1 -1 1
5.5386 3 1 -1 1
5.7386 3 1 -1 1
6.2395 0 1 -1 1
6.4395 0 1 -1 1
6.6395 0 1 -1 1
6.8395 0 1 -1 1
6.8395 0 1 -1 1
8.5373 1 1 -1 1
8.7373 1 1 -1 1
10.3195 4 1 -1 1
10.5195 4 1 -1 1
10.7195 4 1 -1 1
10.9195 4 1 -1 1
12.7423 5 1 -1 1
12.9423 5 1 -1 1
13.1423 5 1 -1 1
13.3423 5 1 -1 1
14.2376 6 1 -1 1
14.4376 6 1 -1 1
14.6376 6 1 -1 1
14.8376 6 1 -1 1
16.4970 4 1 -1 1
16.6970 4 1 -1 1
16.6970 4 1 -1 1
16.8970 4 1 -1 1
16.8970 4 1 -1 1
17.3046 5 1 -1 1
17.5046 5 1 -1 1
17.5970 5 1 -1 1
18.6527 7 1 -1 1
18.8527 7 1 -1 1
19.0527 7 1 -1 1
19.2527 7 1 -1 1
20.9470 8 1 -1 1
21.1470 8 1 -1 1
21.3470 8 1 -1 1
21.5470 8 1 -1 1
21.5470 8 1 -1 1
22.2640 6 1 -1 1
22.4640 6 1 -1 1
22.4640 6 1 -1 1
22.7640 6 1 -1 1
22.9640 9 1 -1 1
23.1640 9 1 -1 1
23.1799 10 1 -1 1
23.3640 9 1 -1 1
23.3799 10 1 -1 1
23.5640 9 1 -1 1
23.5640 9 1 -1 1
23.7640 9 1 -1 1
23.9617 11 1 -1 1
23.9617 7 1 -1 1
24.0617 7 1 -1 1
24.1617 11 1 -1 1
24.1617 7 1 -1 1
24.2617 7 1 -1 1
24.3617 11 1 -1 1
24.3617 7 1 -1 1
27.4026 12 1 -1 1
27.6026 12 1 -1 1
27.8026 12 1 -1 1
28.0121 10 1 -1 1
28.2121 10 1 -1 1
28.3849 13 1 -1 1
28.6121 10 1 -1 1
28.6121 13 1 -1 1
28.8121 10 1 -1 1
28.8121 13 1 -1 1
29.0121 13 1 -1 1
29.0121 10 1 -1 1
29.1121 14 1 -1 1
29.2121 13 1 -1 1
29.2121 13 1 -1 1
29.3121 14 1 -1 1
29.5121 14 1 -1 1
29.7121 14 1 -1 1
29.9121 14 1 -1 1
30.2838 11 1 -1 1
30.3838 11 1 -1 1
30.4838 11 1 -1 1
30.4838 11 1 -1 1
30.6838 11 1 -1 1
30.6838 11 1 -1 1
31.1659 15 1 -1 1
31.3659 15 1 -1 1
31.5659 15 1 -1 1
31.9576 16 1 -1 1
32.1576 16 1 -1 1
32.1895 12 1 -1 1
32.3576 16 1 -1 1
32.3895 12 1 -1 1
33.0576 12 1 -1 1
33.2576 12 1 -1 1
33.4576 12 1 -1 1
33.6576 12 1 -1 1
35.5357 17 1 -1 1
35.7357 17 1 -1 1
36.1576 15 1 -1 1
36.3576 15 1 -1 1
36.5576 17 1 -1 1
36.6576 15 1 -1 1
36.7576 17 1 -1 1
36.8576 16 1 -1 1
36.9576 17 1 -1 1
36.9576 18 1 -1 1
36.9576 15 1 -1 1
37.0511 16 1 -1 1
37.0576 16 1 -1 1
37.0576 17 1 -1 1
37.1576 17 1 -1 1
37.1576 17 1 -1 1
37.1576 18 1 -1 1
37.1576 16 1 -1 1
37.2511 16 1 -1 1
37.2576 16 1 -1 1
37.3576 17 1 -1 1
37.3576 18 1 -1 1
40.0881 19 1 -1 1
40.2881 19 1 -1 1
40.4881 19 1 -1 1
43.1744 20 1 -1 1
43.3744 20 1 -1 1
44.1576 18 1 -1 1
44.3576 18 1 -1 1
44.3576 18 1 -1 1
44.5576 18 1 -1 1
46.0283 19 1 -1 1
46.4283 19 1 -1 1
46.6283 19 1 -1 1
48.0671 21 1 -1 1
48.2671 21 1 -1 1
48.4671 21 1 -1 1
49.1116 20 1 -1 1
49.3116 20 1 -1 1
49.7116 20 1 -1 1
49.9116 20 1 -1 1
50.1116 20 1 -1 1
50.2878 22 1 -1 1
50.4878 22 1 -1 1
50.6878 22 1 -1 1
50.8878 22 1 -1 1
51.6806 23 1 -1 1
53.0129 24 1 -1 1
53.2129 24 1 -1 1
53.6417 21 1 -1 1
53.8417 21 1 -1 1
54.0417 21 1 -1 1
54.1129 21 1 -1 1
54.3129 21 1 -1 1
54.5129 21 1 -1 1
56.3521 22 1 -1 1
56.5521 22 1 -1 1
56.5521 22 1 -1 1
56.6298 25 1 -1 1
56.8298 25 1 -1 1
57.0298 25 1 -1 1
57.4521 23 1 -1 1
57.6521 23 1 -1 1
57.8521 24 1 -1 1
57.8521 23 1 -1 1
58.0521 24 1 -1 1
60.8297 26 1 -1 1
61.0297 26 1 -1 1
61.2297 26 1 -1 1
61.6090 25 1 -1 1
61.8090 25 1 -1 1
62.4090 25 1 -1 1
62.6090 25 1 -1 1
62.8090 25 1 -1 1
63.0090 25 1 -1 1
66.0191 27 1 -1 1
66.2191 27 1 -1 1
66.2191 27 1 -1 1
66.4191 27 1 -1 1
66.4191 27 1 -1 1
66.6191 27 1 -1 1
67.0642 26 1 -1 1
67.2642 26 1 -1 1
67.6642 26 1 -1 1
67.8642 26 1 -1 1
68.0642 26 1 -1 1
69.1642 28 1 -1 1
69.3642 28 1 -1 1
69.5642 28 1 -1 1
69.7642 28 1 -1 1
70.2327 0 1 -1 1
74.1465 28 1 -1 1
