1.0000 0 1 -1 1
1.0765 1 1 -1 1
1.2765 1 1 -1 1
1.2765 1 1 -1 1
1.3000 0 1 -1 1
1.3000 1 1 -1 1
1.4765 1 1 -1 1
1.5412 1 1 -1 1
1.6059 2 1 -1 1
1.6059 1 1 -1 1
1.7412 1 1 -1 1
1.9000 1 1 -1 1
1.9059 0 1 -1 1
2.0000 2 1 -1 1
2.1000 1 1 -1 1
2.2000 2 1 -1 1
2.2000 3 1 -1 1
2.3059 1 1 -1 1
2.4059 7 1 -1 1
2.5000 3 1 -1 1
2.5059 3 1 -1 1
2.5059 1 1 -1 1
2.6059 1 1 -1 1
2.6059 7 1 -1 1
2.6059 4 1 -1 1
2.7000 9 1 -1 1
2.8059 4 1 -1 1
2.9000 3 1 -1 1
3.0059 4 1 -1 1
3.1000 3 1 -1 1
3.1000 3 1 -1 1
3.2000 9 1 -1 1
3.2000 3 1 -1 1
3.3059 12 1 -1 1
3.3059 5 1 -1 1
3.4000 3 1 -1 1
3.5059 6 1 -1 1
3.6000 8 1 -1 1
3.6000 12 1 -1 1
3.7000 9 1 -1 1
3.7059 3 1 -1 1
3.8000 6 1 -1 1
3.8000 8 1 -1 1
3.8059 3 1 -1 1
3.9000 19 1 -1 1
3.9000 9 1 -1 1
3.9000 17 1 -1 1
3.9059 3 1 -1 1
3.9059 13 1 -1 1
4.0059 5 1 -1 1
4.1000 16 1 -1 1
4.1000 10 1 -1 1
4.1000 19 1 -1 1
4.1000 17 1 -1 1
4.1059 15 1 -1 1
4.2059 5 1 -1 1
4.3000 19 1 -1 1
4.3000 12 1 -1 1
4.4059 5 1 -1 1
4.4059 15 1 -1 1
4.5000 10 1 -1 1
4.5000 12 1 -1 1
4.5059 8 1 -1 1
4.6000 9 1 -1 1
4.7000 10 1 -1 1
4.7000 6 1 -1 1
4.7000 21 1 -1 1
4.8000 9 1 -1 1
4.9000 6 1 -1 1
4.9059 9 1 -1 1
4.9059 19 1 -1 1
4.9059 11 1 -1 1
5.0000 20 1 -1 1
5.2000 11 1 -1 1
5.2000 15 1 -1 1
5.2000 20 1 -1 1
5.2059 14 1 -1 1
5.4000 11 1 -1 1
5.4000 16 1 -1 1
5.4000 21 1 -1 1
5.5059 14 1 -1 1
5.7000 15 1 -1 1
5.7059 21 1 -1 1
5.7059 14 1 -1 1
5.8059 29 1 -1 1
5.9000 15 1 -1 1
5.9000 16 1 -1 1
5.9059 21 1 -1 1
5.9059 13 1 -1 1
6.0000 26 1 -1 1
6.0000 31 1 -1 1
6.1000 16 1 -1 1
6.1000 30 1 -1 1
6.2000 31 1 -1 1
6.5000 26 1 -1 1
6.6059 24 1 -1 1
6.6059 22 1 -1 1
6.7000 29 1 -1 1
6.7000 26 1 -1 1
6.8000 28 1 -1 1
6.8059 24 1 -1 1
6.8059 22 1 -1 1
6.9000 31 1 -1 1
6.9059 39 1 -1 1
6.9059 23 1 -1 1
7.0000 29 1 -1 1
7.0059 19 1 -1 1
7.1000 31 1 -1 1
7.1000 25 1 -1 1
7.1059 23 1 -1 1
7.2059 31 1 -1 1
7.2882 19 1 -1 1
7.3059 39 1 -1 1
7.4059 31 1 -1 1
7.4059 31 1 -1 1
7.5059 39 1 -1 1
7.6000 31 1 -1 1
7.7000 30 1 -1 1
7.7059 49 1 -1 1
7.7059 35 1 -1 1
7.8000 31 1 -1 1
7.8000 31 1 -1 1
7.8059 31 1 -1 1
7.8882 31 1 -1 1
7.9000 31 1 -1 1
8.0000 33 1 -1 1
8.0059 22 1 -1 1
8.1000 28 1 -1 1
8.1059 31 1 -1 1
8.2059 23 1 -1 1
8.4000 40 1 -1 1
8.5059 32 1 -1 1
8.6059 48 1 -1 1
8.7000 40 1 -1 1
8.8059 28 1 -1 1
8.9059 13 1 -1 1
9.2059 48 1 -1 1
9.2059 47 1 -1 1
9.3000 35 1 -1 1
9.3059 28 1 -1 1
9.4059 48 1 -1 1
9.4059 48 1 -1 1
9.4059 47 1 -1 1
9.5000 35 1 -1 1
9.5059 28 1 -1 1
9.5059 45 1 -1 1
9.8000 35 1 -1 1
9.8000 42 1 -1 1
10.0059 45 1 -1 1
10.2000 42 1 -1 1
10.3059 34 1 -1 1
10.4000 33 1 -1 1
10.6000 33 1 -1 1
10.8000 46 1 -1 1
10.8059 62 1 -1 1
10.9000 53 1 -1 1
10.9000 30 1 -1 1
10.9059 25 1 -1 1
11.0000 48 1 -1 1
11.0059 62 1 -1 1
11.0059 67 1 -1 1
11.1059 25 1 -1 1
11.2059 67 1 -1 1
11.4059 31 1 -1 1
11.5059 27 1 -1 1
11.6000 54 1 -1 1
11.7000 61 1 -1 1
11.7000 38 1 -1 1
11.9059 57 1 -1 1
11.9059 27 1 -1 1
12.1000 34 1 -1 1
12.4000 38 1 -1 1
12.4059 27 1 -1 1
12.6059 64 1 -1 1
12.9000 80 1 -1 1
13.0059 66 1 -1 1
13.1000 80 1 -1 1
13.2000 56 1 -1 1
13.2059 64 1 -1 1
13.4000 79 1 -1 1
13.5000 36 1 -1 1
13.5059 66 1 -1 1
13.6000 79 1 -1 1
13.8000 57 1 -1 1
14.1000 25 1 -1 1
14.1059 25 1 -1 1
14.2000 37 1 -1 1
14.2000 67 1 -1 1
14.4059 60 1 -1 1
14.4059 48 1 -1 1
14.5000 41 1 -1 1
14.5000 48 1 -1 1
14.6000 38 1 -1 1
14.7000 48 1 -1 1
14.7000 57 1 -1 1
14.7059 60 1 -1 1
14.8000 48 1 -1 1
14.9000 57 1 -1 1
15.2000 37 1 -1 1
15.4000 67 1 -1 1
15.5000 69 1 -1 1
15.6000 67 1 -1 1
15.6000 73 1 -1 1
15.9000 78 1 -1 1
16.1000 34 1 -1 1
17.1000 70 1 -1 1
17.4000 72 1 -1 1
17.5000 27 1 -1 1
17.6000 76 1 -1 1
17.7000 27 1 -1 1
17.8000 77 1 -1 1
17.8000 37 1 -1 1
17.8059 48 1 -1 1
18.1000 77 1 -1 1
18.2000 37 1 -1 1
18.4000 37 1 -1 1
18.5000 58 1 -1 1
19.3000 63 1 -1 1
19.3000 64 1 -1 1
19.5000 25 1 -1 1
19.5000 64 1 -1 1
19.6059 0 1 -1 1
19.7000 25 1 -1 1
19.8000 70 1 -1 1
19.9000 25 1 -1 1
19.9000 84 1 -1 1
20.1000 66 1 -1 1
20.1059 84 1 -1 1
20.7000 34 1 -1 1
21.2000 66 1 -1 1
21.3000 67 1 -1 1
21.3059 82 1 -1 1
21.5000 24 1 -1 1
21.8000 74 1 -1 1
21.8059 31 1 -1 1
22.0000 74 1 -1 1
22.2000 74 1 -1 1
22.2059 51 1 -1 1
22.5000 51 1 -1 1
22.7000 78 1 -1 1
22.7000 51 1 -1 1
22.8000 73 1 -1 1
23.0000 73 1 -1 1
23.0059 25 1 -1 1
23.1000 34 1 -1 1
23.3000 34 1 -1 1
23.4059 32 1 -1 1
23.6059 32 1 -1 1
24.2059 60 1 -1 1
24.3000 48 1 -1 1
24.4000 58 1 -1 1
24.4059 60 1 -1 1
24.5000 70 1 -1 1
24.6059 58 1 -1 1
25.2059 69 1 -1 1
25.4000 53 1 -1 1
25.4059 8 1 -1 1
25.5059 69 1 -1 1
25.6059 8 1 -1 1
25.7000 76 1 -1 1
25.9000 76 1 -1 1
26.8353 48 1 -1 1
27.7000 56 1 -1 1
27.9000 63 1 -1 1
28.0000 56 1 -1 1
28.1059 55 1 -1 1
28.2000 56 1 -1 1
28.3059 55 1 -1 1
28.5000 41 1 -1 1
28.5059 55 1 -1 1
29.4000 67 1 -1 1
29.4059 59 1 -1 1
29.5824 48 1 -1 1
29.8000 59 1 -1 1
30.0000 59 1 -1 1
30.1000 24 1 -1 1
30.2000 65 1 -1 1
30.4059 65 1 -1 1
30.6059 65 1 -1 1
30.9000 72 1 -1 1
31.0000 59 1 -1 1
31.3000 53 1 -1 1
31.3000 59 1 -1 1
31.6059 24 1 -1 1
32.0059 63 1 -1 1
32.1000 71 1 -1 1
32.1000 55 1 -1 1
32.1059 57 1 -1 1
32.2059 63 1 -1 1
32.3000 55 1 -1 1
32.7000 60 1 -1 1
32.8000 41 1 -1 1
33.0000 41 1 -1 1
34.1059 34 1 -1 1
34.5059 70 1 -1 1
35.1000 70 1 -1 1
35.2059 41 1 -1 1
35.3000 70 1 -1 1
35.4000 69 1 -1 1
35.6059 68 1 -1 1
35.8059 68 1 -1 1
36.0059 67 1 -1 1
36.1059 82 1 -1 1
36.3059 82 1 -1 1
36.5059 82 1 -1 1
36.8059 36 1 -1 1
37.2059 8 1 -1 1
37.3059 48 1 -1 1
37.4059 77 1 -1 1
38.7000 46 1 -1 1
38.9000 56 1 -1 1
38.9588 46 1 -1 1
39.1941 56 1 -1 1
39.3941 56 1 -1 1
39.4000 46 1 -1 1
40.0059 44 1 -1 1
40.4000 84 1 -1 1
40.4000 71 1 -1 1
40.6000 71 1 -1 1
40.8059 58 1 -1 1
40.9000 82 1 -1 1
41.1000 75 1 -1 1
41.3059 75 1 -1 1
41.5059 75 1 -1 1
41.8059 67 1 -1 1
42.0000 24 1 -1 1
42.0059 36 1 -1 1
42.6059 72 1 -1 1
42.9059 77 1 -1 1
43.1059 77 1 -1 1
43.6059 50 1 -1 1
43.8294 50 1 -1 1
43.8412 50 1 -1 1
43.9059 50 1 -1 1
44.0412 50 1 -1 1
44.2000 50 1 -1 1
44.4000 50 1 -1 1
44.4000 50 1 -1 1
44.4000 50 1 -1 1
44.5000 75 1 -1 1
44.5059 83 1 -1 1
44.6000 50 1 -1 1
44.6000 50 1 -1 1
44.6059 81 1 -1 1
44.7000 75 1 -1 1
44.7000 75 1 -1 1
44.7059 83 1 -1 1
44.8000 50 1 -1 1
44.9000 81 1 -1 1
45.1000 81 1 -1 1
45.1059 84 1 -1 1
45.2059 24 1 -1 1
45.3059 84 1 -1 1
45.4059 24 1 -1 1
47.3000 68 1 -1 1
47.6412 75 1 -1 1
47.8412 75 1 -1 1
48.3000 52 1 -1 1
48.5000 52 1 -1 1
49.1000 58 1 -1 1
49.5000 52 1 -1 1
49.7000 52 1 -1 1
49.9000 52 1 -1 1
50.1000 52 1 -1 1
50.3059 63 1 -1 1
50.5059 63 1 -1 1
50.9059 41 1 -1 1
52.0059 75 1 -1 1
52.3000 77 1 -1 1
53.2000 63 1 -1 1
53.4000 63 1 -1 1
53.7059 84 1 -1 1
55.0059 50 1 -1 1
55.7000 50 1 -1 1
55.9000 50 1 -1 1
55.9000 50 1 -1 1
55.9059 77 1 -1 1
57.1000 78 1 -1 1
57.5059 84 1 -1 1
59.4059 78 1 -1 1
59.4059 43 1 -1 1
59.6059 78 1 -1 1
59.6059 43 1 -1 1
59.8059 43 1 -1 1
59.8059 78 1 -1 1
59.9059 41 1 -1 1
60.7059 43 1 -1 1
60.9059 43 1 -1 1
61.4059 75 1 -1 1
61.7059 44 1 -1 1
62.0059 78 1 -1 1
62.2059 78 1 -1 1
62.8000 44 1 -1 1
62.9059 43 1 -1 1
63.0000 44 1 -1 1
64.3059 78 1 -1 1
69.9059 75 1 -1 1
70.1059 75 1 -1 1
70.1059 75 1 -1 1
