2.1977 i 0 1 CREATED 7 -1 -1 5 0 1 0 1 0 -1 0 0
2.1977 i 0 1 ENQUEUE 7 5 -1 5 0 1 0 1 0 -1 0 0
2.3977 i 0 1 ENQUEUE 7 7 5 5 1 1 7 1 0 -1 0 0
2.4977 i 0 1 DESTROY 7 7 5 5 1 0 3 1 0 -1 0 0
2.4977 d 7 1 CRTDPRD 0 -1 -1 7 0 1 0 0 0 0 0 0 -1 0 1
2.5977 d 7 1 ENQUEUE 0 5 7 7 1 1 0 0 0 0 0 0 -1 1 1
2.6977 d 7 1 DESTROY 0 5 7 7 1 0 6 1 0 0 0 0 1 1 1
3.0395 i 1 1 CREATED 2 -1 -1 4 0 1 0 1 1 -1 0 0
3.0395 i 1 1 ENQUEUE 2 4 -1 4 0 1 0 1 1 -1 0 0
3.2395 i 1 1 ENQUEUE 2 2 4 4 1 1 7 1 1 -1 0 0
3.3395 i 1 1 DESTROY 2 2 4 4 1 0 3 1 1 -1 0 0
3.3395 d 2 1 CRTDPRD 1 -1 -1 2 0 1 0 0 1 1 0 1 -1 0 1
3.4395 d 2 1 ENQUEUE 1 4 2 2 1 1 0 0 1 1 0 1 -1 1 1
3.5395 d 2 1 DESTROY 1 4 2 2 1 0 6 1 1 1 0 1 1 1 1
4.1456 i 2 1 CREATED 4 -1 -1 0 0 1 0 1 2 -1 0 0
4.1456 i 2 1 ENQUEUE 4 0 -1 0 0 1 0 1 2 -1 0 0
4.3456 i 2 1 ENQUEUE 4 2 0 0 1 1 7 1 2 -1 0 0
4.5456 i 2 1 ENQUEUE 4 4 2 0 2 1 7 1 2 -1 0 0
4.6456 i 2 1 DESTROY 4 4 2 0 2 0 3 1 2 -1 0 0
4.6456 d 4 1 CRTDPRD 2 -1 -1 4 0 1 0 0 2 2 0 2 -1 0 1
4.7456 d 4 1 ENQUEUE 2 2 4 4 1 1 0 0 2 2 0 2 -1 1 1
4.9456 d 4 1 ENQUEUE 2 0 2 4 2 1 0 1 2 2 0 2 -1 2 1
5.0456 d 4 1 DESTROY 2 0 2 4 2 0 6 1 2 2 0 2 2 2 1
5.3373 i 3 1 CREATED 4 -1 -1 6 0 1 0 1 3 -1 0 0
5.3373 i 3 1 ENQUEUE 4 6 -1 6 0 1 0 1 3 -1 0 0
5.5373 i 3 1 ENQUEUE 4 4 6 6 1 1 7 1 3 -1 0 0
5.6097 i 4 1 CREATED 6 -1 -2 0 0 1 0 1 4 -1 0 0
5.6097 i 4 1 ENQUEUE 6 0 -2 0 0 1 0 1 4 -1 0 0
5.6373 i 3 1 DESTROY 4 4 6 6 1 0 3 1 3 -1 0 0
5.6373 d 4 1 CRTDPRD 3 -1 -1 4 0 1 0 0 3 3 0 3 -1 0 1
5.7205 i 5 1 CREATED 5 -1 -2 4 0 1 0 1 5 -1 0 0
5.7205 i 5 1 ENQUEUE 5 4 -2 4 0 1 0 1 5 -1 0 0
5.7373 d 4 1 ENQUEUE 3 6 4 4 1 1 0 0 3 3 0 3 -1 1 1
5.8097 i 4 1 ENQUEUE 6 2 0 0 1 1 7 1 4 -1 0 0
5.8373 d 4 1 DESTROY 3 6 4 4 1 0 6 1 3 3 0 3 1 1 1
5.9205 i 5 1 ENQUEUE 5 3 4 4 1 1 7 1 5 -1 0 0
6.0097 i 4 1 ENQUEUE 6 4 2 0 2 1 7 1 4 -1 0 0
6.1205 i 5 1 ENQUEUE 5 5 3 4 2 1 7 1 5 -1 0 0
6.2097 i 4 1 ENQUEUE 6 6 4 0 3 1 7 1 4 -1 0 0
6.2205 i 5 1 DESTROY 5 5 3 4 2 0 3 1 5 -1 0 0
6.2205 d 5 1 CRTDPRD 5 -1 -1 5 0 1 0 0 5 5 0 4 -1 0 1
6.3097 i 4 1 DESTROY 6 6 4 0 3 0 3 1 4 -1 0 0
6.3097 d 6 1 CRTDPRD 4 -1 -1 6 0 1 0 0 4 4 0 5 -1 0 1
6.3205 d 5 1 ENQUEUE 5 3 5 5 1 1 0 0 5 5 0 4 -1 1 1
6.4097 d 6 1 ENQUEUE 4 4 6 6 1 1 0 0 4 4 0 5 -1 1 1
6.5205 d 5 1 ENQUEUE 5 4 3 5 2 1 0 1 5 5 0 4 -1 2 1
6.6097 d 6 1 ENQUEUE 4 2 4 6 2 1 0 1 4 4 0 5 -1 2 1
6.6205 d 5 1 DESTROY 5 4 3 5 2 0 6 1 5 5 0 4 2 2 1
6.6386 i 6 1 CREATED 4 -1 -2 6 0 1 0 1 6 -1 0 0
6.6386 i 6 1 ENQUEUE 4 6 -2 6 0 1 0 1 6 -1 0 0
6.6687 i 7 1 CREATED 1 -1 -3 4 0 1 0 1 7 -1 0 0
6.6687 i 7 1 ENQUEUE 1 4 -3 4 0 1 0 1 7 -1 0 0
6.7386 i 6 1 DESTROY 4 6 -2 6 0 0 3 1 6 -1 0 0
6.7386 d 4 1 CRTDPRD 6 -1 -1 6 0 1 0 1 6 6 0 6 -1 1 0
6.7386 d 4 1 DESTROY 6 -1 -1 6 0 0 6 1 6 6 0 6 0 1 0
6.8097 d 6 1 ENQUEUE 4 0 2 6 3 1 0 1 4 4 0 5 -1 3 1
6.8687 i 7 1 ENQUEUE 1 2 4 4 1 1 7 1 7 -1 0 0
6.9097 d 6 1 DESTROY 4 0 2 6 3 0 6 1 4 4 0 5 3 3 1
7.0687 i 7 1 ENQUEUE 1 1 2 4 2 1 7 1 7 -1 0 0
7.1687 i 7 1 DESTROY 1 1 2 4 2 0 3 1 7 -1 0 0
7.1687 d 1 1 CRTDPRD 7 -1 -1 1 0 1 0 0 7 7 0 7 -1 0 1
7.2687 d 1 1 ENQUEUE 7 2 1 1 1 1 0 0 7 7 0 7 -1 1 1
7.4687 d 1 1 ENQUEUE 7 4 2 1 2 1 0 1 7 7 0 7 -1 2 1
7.5687 d 1 1 DESTROY 7 4 2 1 2 0 6 1 7 7 0 7 2 2 1
11.2195 i 8 1 CREATED 2 -1 -1 1 0 1 0 1 8 -1 0 0
11.2195 i 8 1 ENQUEUE 2 1 -1 1 0 1 0 1 8 -1 0 0
11.4195 i 8 1 ENQUEUE 2 2 1 1 1 1 7 1 8 -1 0 0
11.5195 i 8 1 DESTROY 2 2 1 1 1 0 3 1 8 -1 0 0
11.5195 d 2 1 CRTDPRD 8 -1 -1 2 0 1 0 0 8 8 0 8 -1 0 1
11.6195 d 2 1 ENQUEUE 8 1 2 2 1 1 0 0 8 8 0 8 -1 1 1
11.7195 d 2 1 DESTROY 8 1 2 2 1 0 6 1 8 8 0 8 1 1 1
13.0970 i 9 1 CREATED 1 -1 -3 6 0 1 0 1 9 -1 0 0
13.0970 i 9 1 ENQUEUE 1 6 -3 6 0 1 0 1 9 -1 0 0
13.2970 i 9 1 ENQUEUE 1 4 6 6 1 1 7 1 9 -1 0 0
13.3970 i 9 1 DESTROY 1 4 6 6 1 0 3 1 9 -1 0 0
13.3970 d 1 1 CRTDPRD 9 -1 -1 4 0 1 0 1 9 9 0 9 -1 2 0
13.4970 d 1 1 ENQUEUE 9 6 4 4 1 1 0 1 9 9 0 9 -1 3 0
13.5423 i 10 1 CREATED 1 -1 -2 5 0 1 0 1 10 -1 0 0
13.5423 i 10 1 ENQUEUE 1 5 -2 5 0 1 0 1 10 -1 0 0
13.5970 d 1 1 DESTROY 9 6 4 4 1 0 6 1 9 9 0 9 1 3 0
13.7423 i 10 1 ENQUEUE 1 3 5 5 1 1 7 1 10 -1 0 0
13.9423 i 10 1 ENQUEUE 1 2 3 5 2 1 7 1 10 -1 0 0
14.0423 i 10 1 DESTROY 1 2 3 5 2 0 3 1 10 -1 0 0
14.0423 d 1 1 CRTDPRD 10 -1 -1 2 0 1 0 1 10 10 0 10 -1 1 0
14.1046 i 11 1 CREATED 3 -1 -1 2 0 1 0 1 11 -1 0 0
14.1046 i 11 1 ENQUEUE 3 2 -1 2 0 1 0 1 11 -1 0 0
14.1423 d 1 1 ENQUEUE 10 3 2 2 1 1 0 1 10 10 0 10 -1 2 0
14.3046 i 11 1 ENQUEUE 3 3 2 2 1 1 7 1 11 -1 0 0
14.3423 d 1 1 ENQUEUE 10 5 3 2 2 1 0 1 10 10 0 10 -1 3 0
14.4046 i 11 1 DESTROY 3 3 2 2 1 0 3 1 11 -1 0 0
14.4046 d 3 1 CRTDPRD 11 -1 -1 3 0 1 0 0 11 11 0 11 -1 0 1
14.4423 d 1 1 DESTROY 10 5 3 2 2 0 6 1 10 10 0 10 2 3 0
14.5046 d 3 1 ENQUEUE 11 2 3 3 1 1 0 0 11 11 0 11 -1 1 1
14.6046 d 3 1 DESTROY 11 2 3 3 1 0 6 1 11 11 0 11 1 1 1
15.0376 i 12 1 CREATED 7 -1 -4 6 0 1 0 1 12 -1 0 0
15.0376 i 12 1 ENQUEUE 7 6 -4 6 0 1 0 1 12 -1 0 0
15.2376 i 12 1 ENQUEUE 7 4 6 6 1 1 7 1 12 -1 0 0
15.4376 i 12 1 ENQUEUE 7 7 4 6 2 1 7 1 12 -1 0 0
15.5376 i 12 1 DESTROY 7 7 4 6 2 0 3 1 12 -1 0 0
15.5376 d 7 1 CRTDPRD 12 -1 -1 7 0 1 0 0 12 12 0 12 -1 0 1
15.6376 d 7 1 ENQUEUE 12 4 7 7 1 1 0 0 12 12 0 12 -1 1 1
15.8376 d 7 1 ENQUEUE 12 6 4 7 2 1 0 1 12 12 0 12 -1 2 1
15.9376 d 7 1 DESTROY 12 6 4 7 2 0 6 1 12 12 0 12 2 2 1
19.0041 i 13 1 CREATED 0 -1 -3 0 0 1 0 1 13 -1 0 0
19.0041 i 13 1 ENQUEUE 0 0 -3 0 0 1 0 1 13 -1 0 0
19.1041 i 13 1 DESTROY 0 0 -3 0 0 0 3 1 13 -1 0 0
19.1041 d 0 1 CRTDPRD 13 -1 -1 0 0 1 0 0 13 13 0 13 -1 0 1
19.1041 d 0 1 DESTROY 13 -1 -1 0 0 0 6 0 13 13 0 13 0 0 1
19.5527 i 14 1 CREATED 8 -1 -4 0 0 1 0 1 14 -1 0 0
19.5527 i 14 1 ENQUEUE 8 0 -4 0 0 1 0 1 14 -1 0 0
19.6527 i 14 1 DESTROY 8 0 -4 0 0 0 3 1 14 -1 0 0
19.6527 d 8 1 CRTDPRD 14 -1 -1 0 0 1 0 0 14 14 0 14 -1 0 1
19.6527 d 8 1 DESTROY 14 -1 -1 0 0 0 6 0 14 14 0 14 0 0 1
